1556062644.830735 12 1719
1556062675.036055 12 1722
1556062705.241534 0
1556062735.446857 0
1556062765.65492 0
1556062795.860543 12 1720
1556062826.065829 12 1722
1556062856.272381 0
1556062886.480837 0
1556062906.732724 12 1727
1556062916.586662 0
1556062946.792719 0
1556062976.994438 0
1556063007.201938 0
1556063037.401877 12 1744
1556063067.507286 0
1556063097.716097 0
1556063127.924717 0
1556063158.131789 0
1556063170.104955 12 1732
1556063188.233293 0
1556063218.438571 0
1556063248.643915 0
1556063278.848282 12 1720
1556063301.867541 12 1747
1556063308.940823 0
1556063339.149011 0
1556063369.350882 12 1720
1556063399.556805 12 1722
1556063429.765763 0
1556063433.548292 12 1732
1556063459.864745 12 1720
1556063490.071514 12 1722
1556063520.275802 0
1556063550.485272 0
1556063565.15885 12 1726
1556063580.593257 0
1556063610.795613 0
1556063641.001195 0
1556063671.207308 0
1556063697.286393 12 1727
1556063701.309851 0
1556063731.51529 0
1556063761.72158 0
1556063791.921918 12 1720
1556063822.131388 12 1722
1556063829.365921 12 1726
1556063852.231846 0
1556063882.438173 12 1720
1556063912.646016 12 1722
1556063942.852796 0
1556063961.387415 12 1732
1556063972.964241 12 1720
1556064003.1696 0
1556064033.374961 0
1556064063.580517 0
1556064093.526597 12 1744
1556064123.887373 0
1556064154.092638 0
1556064184.298978 0
1556064214.504403 0
1556064225.704236 12 1732
1556064244.613916 0
1556064274.819348 0
1556064305.026845 0
1556064335.228127 0
1556064356.895564 12 1726
1556064365.324691 0
1556064395.535272 12 1722
1556064425.744202 12 1722
1556064455.949771 12 1720
1556064486.155527 12 1722
1556064488.575532 12 1732
1556064516.262417 0
1556064546.470674 12 1720
1556064576.679001 12 1722
1556064606.888318 0
1556064620.336671 12 1730
1556064636.986329 12 1720
1556064667.19538 12 1722
1556064697.4057 0
1556064727.612147 0
1556064751.985469 12 1732
1556064757.782419 0
1556064787.988899 12 1720
1556064818.196932 12 1722
1556064848.404469 0
1556064878.60981 0
1556064883.677599 12 1726
1556064908.710716 0
1556064938.916404 0
1556064969.121905 0
1556064999.327252 0
1556065015.628918 12 1732
1556065029.427763 0
1556065059.635309 0
1556065089.842356 0
1556065120.052479 0
1556065147.680233 12 1726
1556065150.14649 0
1556065180.354613 0
1556065210.563887 0
1556065240.769842 0
1556065270.97806 12 1720
1556065279.747801 12 1728
1556065301.079092 0
1556065331.286512 0
1556065361.491702 12 1720
1556065391.699097 12 1722
1556065411.821423 12 1726
1556065421.804566 0
1556065452.01084 12 1720
1556065482.216199 12 1722
1556065512.423715 0
1556065542.629907 12 1738
1556065572.722442 0
1556065602.943027 0
1556065633.132097 0
1556065663.342721 0
1556065676.228102 12 1726
1556065693.444733 0
1556065723.65011 0
1556065753.855548 0
1556065784.06397 12 1720
1556065808.263439 12 1728
1556065814.156455 0
1556065844.361782 0
1556065874.567802 12 1720
1556065904.773631 12 1722
1556065934.978249 0
1556065939.482093 12 1726
1556065965.083021 12 1720
1556065995.289196 12 1722
1556066025.499709 0
1556066055.699618 0
1556066071.217683 12 1732
1556066085.800322 0
1556066116.005483 0
1556066146.211829 0
1556066176.420122 0
1556066203.259175 12 1726
1556066206.580714 0
1556066236.786229 0
1556066266.992496 0
1556066297.197854 0
1556066327.398283 0
1556066335.339571 12 1732
1556066357.502804 0
1556066387.710423 0
1556066417.918414 0
1556066448.115921 12 1720
1556066467.100411 12 1748
1556066478.22224 12 1722
1556066508.428588 0
1556066538.635896 12 1720
1556066568.841661 12 1722
1556066598.820944 12 1738
1556066629.149038 12 1720
1556066659.355228 12 1722
1556066689.561154 0
1556066719.761392 0
1556066730.554852 12 1726
1556066749.858927 0
1556066780.075154 0
1556066810.269796 0
1556066840.47899 0
1556066862.146989 12 1732
1556066870.592042 0
1556066900.796879 0
1556066931.04332 0
1556066961.211836 0
1556066991.418133 0
1556066993.883926 12 1726
1556067021.543763 0
1556067051.750006 0
1556067081.956422 0
1556067112.1578 12 1720
1556067125.655401 12 1728
1556067142.261221 0
1556067172.468957 0
1556067202.676127 12 1720
1556067232.88401 12 1722
1556067257.278446 12 1726
1556067262.98201 0
1556067293.18823 12 1720
1556067323.394532 12 1722
1556067353.599835 0
1556067383.807508 0
1556067388.951807 12 1732
1556067413.915009 0
1556067444.123528 0
1556067474.334032 0
1556067504.5412 0
1556067520.681132 12 1726
1556067534.660192 0
1556067564.861923 0
1556067595.069264 0
1556067625.275741 0
1556067652.58325 12 1727
1556067655.414158 12 1722
1556067685.574557 0
1556067715.784809 0
1556067745.991377 0
1556067776.198254 12 1720
1556067784.423229 12 1747
1556067806.297498 0
1556067836.503518 0
1556067866.708975 12 1720
1556067896.916382 12 1722
1556067916.037537 12 1732
1556067927.017362 0
1556067957.224058 12 1720
1556067987.430605 12 1722
1556068017.63096 0
1556068047.721735 12 1780
1556068077.937441 0
1556068108.137922 0
1556068138.343563 0
1556068168.54994 0
1556068179.377071 12 1732
1556068198.642502 0
1556068228.845791 0
1556068259.051213 0
1556068289.25757 12 1720
1556068311.076694 12 1747
1556068319.368602 0
1556068349.576443 0
1556068379.781812 0
1556068409.989472 0
1556068440.196506 0
1556068445.927475 12 1732
1556068470.292312 0
1556068500.498421 0
1556068530.703805 0
1556068560.911778 0
1556068574.531701 12 1730
1556068591.015217 12 1722
1556068621.220988 12 1720
1556068651.429375 12 1722
1556068681.63179 0
1556068706.264348 12 1732
1556068711.723419 12 1720
1556068741.933518 12 1722
1556068772.139958 0
1556068802.346797 0
1556068832.554672 0
1556068838.362179 12 1726
1556068862.65818 0
1556068892.868474 0
1556068923.081699 0
1556068953.280807 12 1720
1556068969.871701 12 1728
1556068983.371656 0
1556069013.583266 0
1556069043.779247 12 1720
1556069073.982062 12 1722
1556069101.750061 12 1730
1556069104.092074 12 1722
1556069134.299866 12 1720
1556069164.508501 12 1722
1556069194.706084 0
1556069224.915424 0
1556069233.435811 12 1732
1556069255.135372 0
1556069285.235274 0
1556069315.441563 0
1556069345.64994 0
1556069365.10353 12 1748
1556069375.87761 12 1722
1556069406.081675 0
1556069436.283795 12 1720
1556069466.492657 12 1722
1556069496.700792 12 1738
1556069526.809177 12 1720
1556069557.017391 12 1722
1556069587.226699 0
1556069617.429521 0
1556069628.381045 12 1726
1556069647.586745 0
1556069677.792053 12 1720
1556069707.999377 12 1722
1556069738.200965 0
1556069760.095145 12 1732
1556069768.302316 12 1720
1556069798.509648 12 1722
1556069828.734593 0
1556069858.924533 0
1556069889.133311 0
1556069891.777788 12 1726
1556069919.234365 0
1556069949.438678 0
1556069979.64404 0
1556070009.851481 12 1720
1556070023.467333 12 1728
1556070039.968984 0
1556070070.174262 0
1556070100.3801 0
1556070130.586246 0
1556070155.173993 12 1726
1556070160.687557 0
1556070190.896933 0
1556070221.108739 0
1556070251.307489 12 1720
1556070281.516972 12 1722
1556070286.800417 12 1732
1556070311.620744 0
1556070341.826859 12 1720
1556070372.02728 12 1722
1556070402.230668 0
1556070418.821448 12 1726
1556070432.334194 12 1720
1556070462.540489 12 1722
1556070492.74473 0
1556070522.948289 0
1556070550.942738 12 1738
1556070583.248424 0
1556070613.456955 0
1556070643.662862 0
1556070673.87132 12 1720
1556070683.113806 12 1747
1556070703.970594 0
1556070734.176173 0
1556070764.384665 12 1720
1556070794.593044 12 1722
1556070814.813981 12 1732
1556070824.692394 0
1556070854.897715 12 1720
1556070885.10593 12 1722
1556070915.314965 0
1556070945.522461 12 1744
1556070975.629376 0
1556071005.83643 0
1556071036.044702 0
1556071066.250412 0
1556071078.178737 12 1732
1556071096.350074 0
1556071126.556535 0
1556071156.762858 0
1556071186.968997 0
1556071209.898576 12 1726
1556071217.061547 0
1556071247.267631 0
1556071277.473196 0
1556071307.679222 0
1556071337.886487 12 1720
1556071342.470643 12 1728
1556071367.988526 0
1556071398.197823 0
1556071428.405276 12 1720
1556071458.610584 12 1722
1556071474.587615 12 1726
1556071488.699064 0
1556071518.904199 12 1720
1556071549.109901 12 1722
1556071579.316666 0
1556071606.765914 12 1727
1556071609.42584 12 1723
1556071639.634073 12 1722
1556071669.839457 0
1556071700.047027 0
1556071730.255029 0
1556071738.814706 12 1781
1556071760.349626 0
1556071790.554945 0
1556071820.762603 0
1556071850.969536 12 1720
1556071870.885297 12 1728
1556071881.076425 0
1556071911.28571 0
1556071941.49193 0
1556071971.700934 0
1556072001.89971 12 1744
1556072032.00718 0
1556072062.2135 0
1556072092.419217 0
1556072122.62505 0
1556072135.202598 12 1732
1556072152.717153 0
1556072182.92529 0
1556072213.13125 0
1556072243.337766 0
1556072266.726974 12 1726
1556072273.432339 0
1556072303.638622 0
1556072333.844999 0
1556072364.053005 0
1556072394.258807 0
1556072398.851108 12 1732
1556072424.349311 0
1556072454.558061 0
1556072484.763854 0
1556072514.967221 12 1720
1556072530.629675 12 1747
1556072545.071539 0
1556072575.272342 0
1556072605.483714 12 1720
1556072635.69005 12 1722
1556072662.176638 12 1732
1556072665.981114 12 1720
1556072696.189535 12 1722
1556072726.395156 0
1556072756.60375 0
1556072786.80889 0
1556072794.751485 12 1726
1556072816.917439 0
1556072847.122541 0
1556072877.393041 0
1556072907.530405 12 1720
1556072927.159296 12 1728
1556072937.620282 0
1556072967.828708 0
1556072998.037489 12 1720
1556073028.244013 12 1722
1556073058.450152 12 1744
1556073088.549075 12 1720
1556073118.749033 0
1556073148.954272 0
1556073179.159525 0
1556073190.990404 12 1732
1556073209.255082 0
1556073239.461345 0
1556073269.667668 0
1556073299.872018 0
1556073322.660123 12 1726
1556073329.966125 0
1556073360.176563 0
1556073390.382742 0
1556073420.58848 0
1556073450.795004 0
1556073454.436065 12 1732
1556073480.89366 0
1556073511.101986 0
1556073541.299915 0
1556073571.506283 0
1556073586.173271 12 1726
1556073601.608158 0
1556073631.816712 0
1556073662.022366 12 1720
1556073692.231239 12 1722
1556073717.844126 12 1727
1556073722.336184 12 1722
1556073752.541505 12 1720
1556073782.748888 12 1722
1556073812.956179 0
1556073843.163495 0
1556073849.487506 12 1730
1556073873.451043 12 1722
1556073903.659256 0
1556073933.864608 0
1556073964.070943 12 1720
1556073981.196133 12 1728
1556073994.170463 0
1556074024.377261 0
1556074054.583043 12 1720
1556074084.788436 12 1722
1556074112.869301 12 1744
1556074145.08629 12 1720
1556074175.291558 12 1722
1556074205.496863 0
1556074235.703251 0
1556074245.61561 12 1732
1556074265.800599 0
1556074296.008127 0
1556074326.218333 0
1556074356.424448 0
1556074377.433614 12 1726
1556074386.530377 0
1556074416.739702 0
1556074446.94805 0
1556074477.155591 0
1556074507.363943 12 1738
1556074537.451475 0
1556074567.657738 0
1556074597.863092 0
1556074628.068471 12 1720
1556074640.751941 12 1747
1556074658.160004 0
1556074688.367274 0
1556074718.568252 12 1720
1556074748.775086 12 1722
1556074772.390661 12 1727
1556074778.867969 12 1722
1556074809.075112 12 1720
1556074839.282302 12 1722
1556074869.48967 0
1556074899.698204 0
1556074904.236895 12 1726
1556074929.794686 0
1556074960.000904 0
1556074990.207926 0
1556075020.41367 0
1556075035.907443 12 1732
1556075050.534791 0
1556075080.742026 0
1556075110.94787 0
1556075141.148242 12 1720
1556075167.561099 12 1747
1556075171.244225 0
1556075201.450095 0
1556075231.65647 12 1720
1556075261.861829 12 1722
1556075292.067222 0
1556075299.231492 12 1732
1556075322.16877 12 1720
1556075352.374052 12 1722
1556075382.579466 0
1556075412.785865 0
1556075430.984512 12 1726
1556075442.887133 0
1556075473.088209 0
1556075503.294044 0
1556075533.504603 0
1556075562.603088 12 1738
1556075593.810745 0
1556075624.016591 0
1556075654.222022 0
1556075684.428477 0
1556075694.212021 12 1726
1556075714.529841 0
1556075744.730227 0
1556075774.937606 0
1556075805.144017 12 1720
1556075825.835573 12 1728
1556075835.239796 0
1556075865.447813 0
1556075895.657272 12 1720
1556075925.863606 12 1722
1556075956.068967 12 1739
1556075986.168621 12 1723
1556076016.3748 12 1722
1556076046.581694 0
1556076076.789615 0
1556076106.997191 0
1556076137.204514 12 1720
1556076167.410769 12 1722
1556076197.621447 0
1556076227.827519 0
1556076258.032898 0
1556076288.23829 0
1556076318.444689 0
1556076348.655867 12 1720
1556076378.856892 12 1722
1556076409.062999 0
1556076439.272231 0
1556076469.479824 0
1556076499.689014 12 1720
1556076529.896815 12 1722
1556076560.107278 0
1556076590.313611 0
1556076620.523057 0
1556076650.730418 0
1556076680.939107 0
1556076711.147436 0
1556076741.353103 0
1556076771.558481 0
1556076801.763847 0
1556076831.969223 0
1556076862.170589 12 1720
1556076892.377002 12 1722
1556076922.582449 0
1556076952.79015 0
1556076982.996241 0
1556077013.202556 12 1720
1556077043.413073 12 1722
1556077073.620724 0
1556077103.826635 0
1556077134.034199 0
1556077164.240643 0
1556077194.45164 0
1556077224.649213 0
1556077254.85557 0
1556077285.060933 0
1556077315.266489 0
1556077345.472758 0
1556077375.692698 12 1720
1556077405.888656 12 1722
1556077436.093926 0
1556077466.300789 0
1556077496.519562 0
1556077526.706868 12 1720
1556077556.914359 12 1722
1556077587.114686 0
1556077617.319579 0
1556077647.521493 0
1556077677.726822 12 1720
1556077707.932388 12 1722
1556077738.138421 0
1556077768.344959 0
1556077798.551315 0
1556077828.757422 0
1556077858.963568 0
1556077889.169476 12 1720
1556077919.376018 12 1722
1556077949.585248 0
1556077979.790941 0
1556078009.995938 0
1556078040.203308 12 1720
1556078070.409745 12 1722
1556078100.611035 0
1556078130.816421 0
1556078161.023805 0
1556078191.23216 12 1720
1556078221.438521 0
1556078251.645248 0
1556078281.852249 0
1556078312.057636 0
1556078342.26429 0
1556078372.470341 0
1556078402.67673 12 1720
1556078432.882158 12 1722
1556078463.08949 0
1556078493.295211 0
1556078523.505535 0
1556078553.71159 12 1720
1556078583.917011 12 1722
1556078614.122298 0
1556078644.330255 0
1556078674.536418 0
1556078704.736455 0
1556078734.941838 0
1556078765.14817 0
1556078795.353576 0
1556078825.560883 0
1556078855.766273 0
