1576538736.237362 10 1497
1576538952.865539 0
1576538957.629304 11 1535
1576539019.399988 0
1576539007.613334 10 1497
1576539277.713493 0
1576539547.807918 0
1576539817.915946 0
1576540088.003621 0
1576540358.078732 0
1576540628.195805 0
1576540898.294612 0
1576541168.386222 0
1576541438.479039 0
1576541708.576364 0
1576541978.672863 0
1576541980.920379 0
1576542250.945817 10 1497
1576542521.642759 10 1497
1576542792.682494 10 1497
1576543062.785743 0
1576543078.038847 11 1502
1576543348.626777 0
1576543618.72261 10 1497
1576543890.249773 10 1497
1576544160.333302 0
1576544430.41659 0
1576544700.503504 0
1576544970.600253 0
1576545240.699212 10 1497
1576545512.335487 10 1497
1576545782.53157 10 1497
1576546052.619512 0
1576546322.707929 0
1576546592.79262 0
1576546862.87624 0
1576547132.952137 0
1576547403.036982 0
1576547673.13527 0
1576547943.214979 0
1576548213.303621 0
1576548483.386236 0
1576548753.490637 0
1576549023.578652 0
1576549293.669856 0
1576549563.759894 0
1576549833.85727 0
1576550103.941174 0
1576550374.037701 0
1576550644.126625 10 1497
1576550915.257481 10 1497
1576551185.366186 0
1576551455.45733 0
1576551725.57697 0
1576551995.670037 10 1497
1576552266.176189 10 1497
1576552536.263912 0
1576552806.360678 0
1576553076.447355 0
1576188591.173533 0
1576539382.863567 11 1572
1576188927.861081 0
1576188861.371546 0
1576189131.454036 0
1576189401.557285 10 1497
1576189672.725221 10 1497
1576189942.805229 10 1497
1576190214.485166 10 1497
1576190484.575529 0
1576190754.669326 0
1576191024.746157 0
1576191294.833311 0
1576191564.91072 0
1576191835.00465 10 1497
1576192105.708235 0
1576192109.039885 0
1576192379.060294 10 1497
1576192649.192147 0
1576192651.615501 0
1576192921.640135 0
1576192923.716245 0
1576193193.73592 10 1497
1576193465.824424 10 1497
1576193736.483907 10 1497
1576194006.593682 0
1576194010.43533 0
1576194280.457493 10 1497
1576194550.545795 0
1576194820.645483 10 1497
1576195092.635825 10 1497
1576195362.739101 0
1576195632.876595 0
1576195902.975632 0
1576196173.114835 10 1497
1576196445.126325 10 1497
1576196715.237939 10 1497
1576196987.069655 10 1497
1576197258.25788 10 1497
1576197528.361704 0
1576197798.453593 0
1576198068.549461 0
1576198338.637845 0
1576198608.737196 0
1576198878.841468 0
1576199148.936065 0
1576199419.064928 0
1576199689.18164 0
1576199897.116506 14 10027
1576199691.310025 0
1576199961.354878 10 1497
1576200231.468774 0
1576200501.557337 0
1576200771.67298 0
1576201041.752707 0
1576201311.860285 0
1576201581.949513 0
1576201852.068016 0
1576202122.179699 0
1576539541.180017 11 1656
1576539543.246166 14 14992
1576189066.854816 11 1656
1576813126.557514 11 1602
1576812958.989803 0
1576813229.127842 0
1576813499.231385 0
1576813769.320406 0
1576814039.407426 0
1576814309.484155 10 1497
1576814579.803849 10 1497
1576814849.904117 0
1576815120.007635 0
1576815390.095604 0
1576815660.20049 0
1576815930.319524 0
1576816200.395736 0
1576816470.500033 0
1576816740.595477 0
1576817010.683218 0
1576817280.791123 0
1576817550.88448 0
1576817820.97497 0
1576818091.062969 0
1576818361.179633 0
1576818631.267885 10 1497
1576818902.158945 10 1497
1576819172.24702 0
1576819441.351724 0
1576819711.443364 0
1576819981.547355 0
1576820251.712188 0
1576820521.799213 0
1576820791.9109 0
1576821062.022274 10 1497
1576821332.623034 10 1497
1576821602.729811 0
1576821872.825517 0
1576822142.922165 0
1576822413.01038 0
1576822683.101871 0
1576822953.193253 0
1576823223.273774 0
1576823493.365548 0
1576823763.505092 0
1576824033.58098 0
1576824303.656856 0
1576824573.73779 0
1576824843.821022 0
1576825113.909955 0
1576825384.004017 0
1576825654.091713 0
1576825924.167865 0
1576826194.251604 0
1576826464.351027 0
1576188857.533833 14 14992
1576189222.897137 11 1656
1576189815.81072 11 1656
1576259987.119028 11 1583
1576260048.817679 0
1576259975.862226 11 1502
1576260247.787084 10 1497
1576260519.632497 10 1497
1576260789.736226 0
1576261059.840119 0
1576261329.947849 0
1576261600.060768 0
1576261870.163566 0
1576262140.282373 0
1576262410.421012 0
1576262680.531548 10 1497
1576262951.840274 10 1497
1576263221.974726 0
1576263492.076409 0
1576263762.179252 10 1497
1576264032.790137 10 1497
1576264302.89071 0
1576264573.017945 0
1576264843.106426 0
1576265113.193767 0
1576265115.954593 0
1576265385.989777 10 1497
1576265656.090093 0
1576265926.189564 0
1576266196.277794 0
1576266466.421619 0
1576266736.541777 10 1497
1576267008.421329 10 1497
1576267278.557053 10 1497
1576267550.369418 10 1497
1576267820.47277 0
1576268090.580618 10 1497
1576268362.569929 10 1497
1576268632.728359 0
1576268902.865604 0
1576269173.049217 0
1576269443.142909 0
1576269713.269708 0
1576269983.416625 0
1576270253.52867 0
1576270523.644638 10 1497
1576270795.268674 10 1497
1576271065.372486 0
1576271335.485233 0
1576271605.592444 0
1576271875.708397 0
1576272145.860877 10 1497
1576272416.508223 10 1497
1576272686.612787 0
1576272956.712129 0
1576273226.812243 0
1576273496.909968 0
1576539101.511137 11 1656
1576778903.432259 10 1497
1576188857.455205 14 9039
1576259430.86779 14 3783
1576813118.159246 11 1645
1576259436.875754 14 3783
1576259437.1414 14 10091
1576259437.249246 14 3783
1576259441.937469 14 10091
1576259442.422562 14 14992
1576259442.425115 14 14992
1576259453.496164 11 1656
1576259455.656464 14 14992
1576779174.044064 10 1497
1576779420.806038 11 1585
1576779451.886771 11 1584
1576189544.641671 11 1656
1576259524.446175 14 8024
1576779497.08318 -1
1576779497.099731 -1
1576779482.557494 11 1584
1576779513.232042 11 1712
1576259614.865769 11 1656
1576259615.189887 14 8024
1576259616.876223 14 14992
1576779444.207208 10 1497
1576259675.770183 14 8024
1576259880.293188 11 1656
1576779716.060726 10 1497
1576779986.170866 10 1497
1576780258.05832 10 1497
1576780528.15249 0
1576780798.252427 0
1576781068.352178 0
1576781338.452858 0
1576781608.551903 0
1576781878.640431 0
1576782148.727642 0
1576782418.839479 0
1576782688.975503 0
1576782959.083557 0
1576783229.194738 0
1576783499.315651 10 1497
1576783770.546629 10 1497
1576784040.685763 10 1497
1576784312.445739 10 1497
1576784582.557626 0
1576784852.678317 0
1576785122.771103 0
1576785392.879896 0
1576785662.965148 0
1576785933.061511 0
1576786203.173192 0
1576786473.26964 0
1576786743.380969 0
1576787013.472248 0
1576787283.592536 0
1576787553.703741 0
1576787823.820974 0
1576788093.931289 0
1576788364.043128 0
1576788634.159217 0
1576788904.271028 0
1576789174.374301 0
1576789444.495076 0
1576789714.59498 0
1576789984.74561 0
1576790254.867467 0
1576790524.97911 0
1576790795.090932 0
1576791065.19039 0
1576791335.307221 0
1576791605.394277 0
1576791875.481835 0
1576792145.593628 0
1576792415.721398 0
1576792685.810148 0
1576792955.909581 0
1576793226.049472 0
1576538952.890592 11 1502
1576711129.422909 0
1576259385.745212 -1
1576188856.169841 11 1656
1576188856.474354 14 10091
1576188856.722704 11 1551
1576188856.973182 11 1645
1576188857.061638 11 1645
1576188857.19591 14 14992
1576188857.295078 14 10091
1576188857.395941 14 9039
1576259403.608041 14 7355
1576188932.900854 0
1576539385.01657 14 14992
1576711434.685638 11 1531
1576711399.529848 10 1497
1576711669.989864 10 1497
1576711940.184549 0
1576712210.368361 0
1576712480.576627 10 1497
1576712752.564325 10 1497
1576713022.752833 0
1576713292.951733 0
1576713563.190118 0
1576713833.411501 0
1576714103.624501 0
1576714373.854959 0
1576714644.08749 0
1576714914.330365 0
1576715184.550308 0
1576715454.714363 0
1576715724.950221 10 1497
1576715995.626382 10 1497
1576716265.830787 0
1576716536.050466 0
1576716806.285716 10 1497
1576717077.00482 10 1497
1576717347.229194 0
1576717617.440563 0
1576717887.681366 10 1497
1576718159.285977 10 1497
1576718429.496678 0
1576718699.663449 0
1576718969.896462 0
1576719240.070607 0
1576719510.291562 0
1576719780.491194 10 1497
1576720051.712325 10 1497
1576720321.935946 10 1497
1576720592.841503 10 1497
1576720863.028172 0
1576721133.23925 10 1497
1576721404.095876 10 1497
1576721674.254236 10 1497
1576721944.700227 10 1497
1576722214.900807 0
1576722485.116509 0
1576722487.520483 0
1576722757.624046 10 1497
1576723027.845436 0
1576723298.028685 0
1576723568.226311 0
1576723838.432018 0
1576724108.652313 0
1576724378.894069 0
1576724649.139914 0
1576724919.328826 0
1576725189.547751 10 1497
1576725461.284689 10 1497
1576725731.501224 10 1497
1576726002.515981 10 1497
1576726272.712325 0
1576621645.964571 0
1576621916.061836 0
1576621992.058052 0
1576621995.60557 0
1576259340.026904 14 8024
1576259343.211339 14 8024
1576622003.571817 11 1588
1576622066.635273 0
1576621999.682213 0
1576622119.176153 0
1576622181.30524 0
1576622186.174001 0
1576622243.460115 0
1576622306.147289 0
1576622368.395334 0
1576622430.300326 0
1576622456.285781 0
1576259430.757658 13 1814
1576622496.396319 0
1576813118.364389 14 10091
1576622560.373666 0
1576622626.386008 0
1576622690.594283 0
1576622726.421606 0
1576622753.628025 0
1576622815.760482 0
1576622879.535869 0
1576259464.017885 14 7355
1576622941.52298 0
1576622996.551476 0
1576623004.726831 0
1576623066.646726 0
1576623130.557161 0
1576259494.236293 14 7355
1576623193.548715 0
1576623255.264644 0
1576623266.702622 0
1576623319.749302 0
1576259584.919383 14 8024
1576623381.564902 0
1576623444.633682 0
1576623506.375704 0
1576623536.813063 0
1576623571.825248 0
1576623634.468491 0
1576623698.798571 0
1576623765.363463 0
1576623806.924768 0
1576259925.088189 14 3783
1576623827.254964 0
1576260062.152801 14 8024
1576623891.846502 0
1576623955.674816 0
1576624018.739406 0
1576624077.029545 0
1576624083.421404 0
1576260356.755544 14 3783
1576624147.04878 0
1576260532.981202 14 3783
1576624209.805756 0
1576624279.412655 0
1576624341.773355 0
1576624347.141163 0
1576260709.989292 14 14992
1576624404.239557 0
1576624469.418497 0
1576624531.605627 0
1576624594.622353 11 1530
1576624597.690797 0
1576624603.690849 0
1576624594.617673 0
1576624615.690963 0
1576624617.245028 0
1576624639.691365 0
1576624662.09169 0
1576624687.692275 0
1576624774.698609 0
1576624724.741693 0
1576624792.663051 0
1576624857.625496 0
1576624887.368236 10 1497
1576624920.449857 0
1576624984.604545 0
1576625046.499665 0
1576625108.470421 0
1576625157.636218 10 1497
1576625170.383585 0
1576625233.140853 0
1576625296.432204 0
1576625358.413606 0
1576625422.245055 0
1576625427.731736 0
1576625489.565319 0
1576625555.406247 0
1576625617.218115 0
1576625679.528752 0
1576625697.827627 0
1576625743.209727 0
1576625805.410574 0
1576625868.086361 0
1576625930.599989 0
1576625967.96752 0
1576625993.41946 0
1576626057.731606 0
1576626121.467573 0
1576626185.912731 0
1576626238.083784 0
1576626248.469187 0
1576626311.477236 0
1576626374.185147 0
1576553346.535429 0
1576626436.252186 0
1576626499.493745 0
1576626508.195276 0
1576626563.456885 0
1576192697.114472 14 10027
1576626629.433389 0
1576626692.462996 0
1576626755.340517 0
1576626778.319748 0
1576626818.657082 0
1576626880.412215 0
1576626943.784538 0
1576627005.438454 0
1576627048.438979 0
1576627067.62615 0
1576627134.383679 0
1576627196.64954 0
1576627263.868213 0
1576627318.567481 0
1576627330.386318 0
1576627392.266863 0
1576627456.563668 0
1576627519.498245 0
1576627582.679043 0
1576627588.682773 10 1497
1576627644.447573 0
1576627706.636249 0
1576627768.712652 0
1576627831.960848 0
1576627859.322608 10 1497
1576627894.421878 0
1576627957.490574 0
1576628019.419446 0
1576628081.60712 0
1576628129.450336 0
1576628145.712102 0
1576264697.192192 14 10027
1576628209.488236 0
1576628276.986652 0
1576628331.46464 0
1576628391.540414 0
1576628395.244928 0
1576628399.602653 10 1497
1576628451.534686 0
1576628512.6591 0
1576628571.487308 0
1576628631.548538 0
1576628670.517759 10 1497
1576628691.551577 0
1576628753.719454 0
1576628757.327757 0
1576628811.540875 0
1576628873.130699 0
1576628876.970573 0
1576628931.583575 0
1576628940.625434 0
1576628993.412233 0
1576629051.533501 0
1576629111.51661 0
1576629171.599239 0
1576629210.762213 0
1576629231.531188 0
1576629291.449826 0
1576629351.553484 0
1576629411.501882 0
1576629473.220782 0
1576629480.885381 0
1576629531.637114 0
1576629591.502073 0
1576629651.541678 0
1576629711.452855 0
1576629751.024922 0
1576629771.53616 0
1576629831.54351 0
1576629891.537476 0
1576629951.452149 0
1576630011.520914 0
1576630021.183264 0
1576630291.271687 0
1576630561.370877 0
1576630831.478696 10 1497
1576631102.075219 10 1497
1576631372.194789 0
1576631642.285768 0
1576631912.405373 0
1576632182.513528 0
1576632452.613661 0
1576632722.717828 10 1497
1576632993.1607 10 1497
1576633263.2563 0
1576633533.388879 0
1576633803.47223 0
1576634073.58002 0
1576634343.691964 0
1576634613.797669 0
1576634883.883587 0
1576635153.991905 0
1576635424.09493 10 1497
1576635695.954556 10 1497
1576086303.379213 11 1675
1576086364.628523 0
1576086304.96134 11 1502
1576086575.324311 0
1576086845.462563 0
1576087115.671509 0
1576087118.419603 0
1576087388.463017 10 1497
1576087658.575113 0
1576087928.75055 0
1576088198.950224 0
1576088469.078092 0
1576088739.25774 0
1576089009.387271 0
1576089279.534033 0
1576089549.742896 0
1576089819.903042 0
1576090090.067379 0
1576090360.194278 10 1497
1576090631.820956 10 1497
1576090901.994181 10 1497
1576091173.890683 10 1497
1576091444.062611 0
1576091714.244461 0
1576091984.464841 0
1576092254.646205 0
1576092524.829981 0
1576092795.018147 0
1576093065.166377 0
1576093335.355048 0
1576093605.531549 10 1497
1576093876.726789 10 1497
1576094146.870415 0
1576094417.068345 0
1576094687.254392 0
1576094957.418145 10 1497
1576095228.882046 10 1497
1576095499.018348 0
1576095769.205804 0
1576096039.330649 0
1576096309.507342 0
1576096579.670421 0
1576096849.805683 0
1576097119.969305 0
1576097390.125176 0
1576097660.241324 10 1497
1576097931.225017 10 1497
1576098201.408876 0
1576798089.152898 0
1576085179.22347 14 8024
1576798143.152121 0
1576798147.416878 0
1576798152.465329 0
1576622119.180735 11 1502
1576711420.406798 11 1656
1576711420.629499 11 1656
1576798156.08655 11 1623
1576798187.900174 11 1538
1576798155.474889 0
1576711421.342433 14 10027
1576798268.643877 0
1576798331.46883 0
1576798359.286673 0
1576085330.300325 14 8024
1576798394.413194 0
1576798459.472041 0
1576813118.464536 13 1814
1576798521.332069 0
1576798583.282469 0
1576798629.393809 10 1497
1576798650.842183 0
1576779412.064613 11 1656
1576798713.434687 0
1576259437.178529 14 10091
1576798776.189716 0
1576259444.219125 14 14992
1576798838.732747 0
1576798900.380917 10 1497
1576779412.946712 14 3783
1576798904.150325 0
1576798967.197173 0
1576259482.60564 11 1615
1576799029.645743 0
1576623130.561685 11 1502
1576799092.459321 0
1576085709.280733 11 1656
1576799154.240641 0
1576799172.047811 10 1497
1576779515.91395 14 14992
1576799217.449193 0
1576799281.474226 0
1576799344.70068 0
1576540143.168768 11 1577
1576799407.306519 0
1576799442.17428 0
1576779877.996414 14 14992
1576799469.624472 0
1576799536.370924 0
1576259796.617517 14 7355
1576799599.599976 0
1576799663.331137 0
1576799712.337608 0
1576259857.087035 14 7355
1576799727.819421 0
1576259977.877538 11 1507
1576799789.739786 0
1576799853.740787 0
1576623891.861935 14 3783
1576799915.511451 0
1576086369.629232 0
1576799978.712958 0
1576799982.481172 0
1576086341.186868 14 14992
1576800042.274156 0
1576800113.949996 0
1576800176.437686 0
1576800239.677529 0
1576800252.612969 0
1576800301.483942 0
1576800363.401382 0
1576261097.521915 14 10651
1576800425.255922 0
1576714697.141266 14 15330
1576800489.659233 0
1576800522.737098 10 1497
1576624783.693439 0
1576800551.756304 0
1576800616.603649 0
1576800684.14512 0
1576800745.650542 0
1576800793.205352 10 1497
1576800809.041905 0
1576541897.150917 14 10027
1576800873.346096 0
1576800935.39764 0
1576801004.776572 0
1576801063.32426 0
1576801067.603036 0
1576801131.344533 0
1576625233.145508 11 1502
1576801196.334339 0
1576801258.526985 0
1576801323.44722 0
1576801333.416262 0
1576801335.573327 0
1576801385.711096 0
1576801445.380299 0
1576801506.568618 0
1576801565.654894 0
1576801605.640354 10 1497
1576801625.387622 0
1576801629.307937 0
1576801685.392627 0
1576801745.388519 0
1576801749.935605 0
1576801805.452463 0
1576801865.279478 0
1576801875.768385 0
1576801925.46974 0
1576801985.295513 0
1576626185.954896 11 1502
1576802045.237189 0
1576626248.490757 11 1502
1576802105.817812 0
1576802108.911594 0
1576802145.903473 0
1576802165.294732 0
1576802226.139933 0
1576802285.267056 0
1576626692.467686 11 1502
1576802345.376657 0
1576802405.367644 0
1576802416.03865 0
1576802465.361942 0
1576802525.296837 0
1576802585.372161 0
1576802645.338957 0
1576802649.054072 0
1576802686.171202 0
1576802705.338371 0
1576802765.357376 0
1576802825.387432 0
1576802885.393415 0
1576802945.372617 0
1576802956.310044 0
1576803005.344629 0
1576803010.515642 0
1576803065.380624 0
1576803125.382152 0
1576803226.45968 0
1576803496.59934 0
1576803766.727465 0
1576804036.867607 0
1576804306.995285 0
1576804577.122549 10 1497
1576804848.478171 0
1576804851.525614 0
1576805121.57825 10 1497
1576805391.678408 0
1576805661.796291 0
1576805931.89799 0
1576806202.002548 0
1576806472.13035 10 1497
1576806743.630252 10 1497
1576807013.730922 0
1576807283.85355 0
1576807553.973569 10 1497
1576807824.149339 10 1497
1576808094.257178 0
1576808364.357578 0
1576808634.456775 0
1576808904.557348 0
1576809174.657006 0
1576809444.756306 0
1576809714.860542 0
1576809984.956251 0
1576810255.092865 0
1576810525.209222 10 1497
1576810796.357579 10 1497
1576811066.495016 10 1497
1576811338.29149 10 1497
1576811608.427072 0
1576811878.527703 0
1576202124.38129 0
1576188865.978068 -1
1576779649.303305 14 2629
1576605976.679743 10 1497
1576260220.531961 14 3783
1576780143.005875 14 3783
1576260324.984002 14 14992
1576606313.213263 11 1544
1576606319.007502 0
1576606379.821533 0
1576606247.272978 10 1497
1576606384.822391 0
1576800489.693284 11 1571
1576606442.118014 0
1576606502.62477 0
1576606434.110756 0
1576606517.385899 10 1497
1576606507.624935 0
1576800809.050782 11 1565
1576606565.277042 0
1576606625.406769 0
1576606561.194739 0
1576606630.40747 0
1576606695.410691 11 1573
1576606698.459044 0
1576606758.625743 0
1576606692.837384 0
1576606787.74165 10 1497
1576606763.625837 0
1576606828.595647 11 1594
1576606831.638356 0
1576606892.406262 0
1576606824.436405 0
1576606897.407237 0
1576606961.779185 11 1543
1576607023.819478 0
1576606956.407587 0
1576607057.85637 0
1576607028.819917 0
1576607093.320156 11 1570
1576607096.159548 0
1576607156.821437 0
1576607087.601292 0
1576607161.822393 0
1576088297.204254 14 10027
1576607221.292997 11 1527
1576607283.624564 0
1576607219.012598 0
1576607328.010447 0
1576607288.625546 0
1576625743.214734 11 1695
1576607421.625834 0
1576607351.878935 0
1576607426.625361 0
1576607485.907451 11 1547
1576607549.822623 0
1576607483.814153 0
1576607598.120577 0
1576607554.822617 0
1576607619.038974 11 1588
1576607680.409865 0
1576607614.753839 0
1576607685.40937 0
1576607750.15818 11 1523
1576607811.822356 0
1576607746.758758 0
1576607868.234138 0
1576607816.822691 0
1576607881.288313 11 1560
1576607942.866624 0
1576607878.592861 0
1576607947.867973 0
1576608012.403839 11 1536
1576608074.62712 0
1576608010.843049 0
1576608138.367614 0
1576608079.627407 0
1576608144.47726 11 1594
1576608147.580747 0
1576608208.409712 0
1576608143.099136 0
1576608213.409861 0
1576783097.212143 11 1564
1576608280.798074 0
1576608341.116673 0
1576608275.071604 0
1576608346.116868 0
1576626499.499096 11 1514
1576608413.799489 0
1576608474.117443 0
1576608407.019796 11 1526
1576192697.10156 14 15330
1576608479.117956 0
1576608543.933338 11 1581
1576608605.629006 0
1576608538.900052 0
1576608610.629018 0
1576608675.059903 11 1519
1576608671.567764 0
1576608678.038877 0
1576608738.866964 0
1576608678.624113 0
1576608743.86667 0
1576608808.229657 11 1527
1576608870.1137 0
1576608802.83483 0
1576608875.114351 0
1576608934.720827 0
1576608939.869646 11 1532
1576609002.821334 0
1576608948.721926 0
1576609007.821662 0
1576609072.244224 11 1599
1576609075.194915 0
1576609135.407728 0
1576609066.772914 0
1576609140.40822 0
1576609198.887331 0
1576609200.336212 11 1527
1576609263.629495 0
1576609218.855752 10 1497
1576609268.634352 0
1576609333.239681 11 1534
1576609396.340476 0
1576609330.969251 0
1576609401.340697 0
1576609466.070634 11 1559
1576609462.569468 0
1576609469.094183 0
1576609529.864991 0
1576609489.912503 10 1497
1576609534.864031 0
1576609599.231658 11 1555
1576609602.205671 0
1576609662.629016 0
1576609594.653994 0
1576609667.629836 0
1576609726.176757 0
1576609727.331419 11 1560
1576609789.40981 0
1576609760.038197 0
1576609794.409771 0
1576609859.289542 11 1582
1576609921.821545 0
1576609857.972016 0
1576609926.822016 0
1576609990.634518 0
1576627957.495917 11 1564
1576610059.41023 0
1576610030.151119 0
1576610064.410514 0
1576610124.281964 11 1601
1576610186.629005 0
1576610122.087903 0
1576610191.648847 0
1576610254.440732 0
1576610255.918469 11 1510
1576610318.411609 0
1576610300.285522 0
1576610323.412103 0
1576610387.929644 11 1506
1576610449.867269 0
1576610385.896616 0
1576610454.868278 0
1576610519.985486 11 1529
1576610518.029606 0
1576610523.083519 0
1576610583.413402 0
1576610570.457949 0
1576610588.414015 0
1576628331.469477 11 1590
1576610656.40695 0
1576610716.824315 0
1576610649.805172 0
1576610721.824658 0
1576610786.588101 11 1586
1576610781.865856 0
1576610789.515541 0
1576610849.824421 0
1576610840.635816 0
1576610854.824621 0
1576610914.676626 11 1579
1576610917.825844 0
1576610978.344287 0
1576610914.016757 0
1576610983.34454 0
1576611045.077948 0
1576611047.956071 11 1590
1576611110.870353 0
1576611110.771107 0
1576611115.870465 0
1576611180.178504 11 1560
1576611241.412463 0
1576611177.01732 0
1576611246.412715 0
1576611311.3698 11 1589
1576611373.345617 0
1576611309.010147 0
1576611380.92367 0
1576611378.346018 0
1576611443.386332 11 1563
1576611505.633709 0
1576611440.706364 0
1576611510.632141 0
1576611575.631671 11 1564
1576611639.344545 0
1576611572.099258 0
1576611651.047053 0
1576611644.344765 0
1576611708.576646 11 1557
1576611711.613982 0
1576611771.826585 0
1576611703.655276 0
1576611776.825995 0
1576628931.591497 11 1549
1576611839.777465 0
1576611899.86658 0
1576611834.797415 0
1576611921.159275 0
1576611904.867246 0
1576786697.126888 11 1534
1576612032.63069 0
1576611966.984001 0
1576612037.631643 0
1576612102.72409 11 1527
1576612165.342882 0
1576612098.622696 0
1576612191.279343 10 1497
1576612170.343278 0
1576612235.056073 11 1597
1576612297.865605 0
1576612229.70796 0
1576612302.866164 0
1576196297.145687 14 15330
1576612362.49287 11 1522
1576612423.866861 0
1576612361.679116 0
1576612461.700745 10 1497
1576612428.867717 0
1576612498.658424 11 1560
1576612501.620936 0
1576612561.824102 0
1576612492.898521 0
1576612566.860048 0
1576612626.749152 11 1559
1576612629.919329 0
1576612690.63197 0
1576612625.06583 0
1576612731.78631 0
1576612695.631615 0
1576612760.0508 11 1595
1576612822.631949 0
1576612757.257427 0
1576612827.632493 0
1576612892.309571 11 1564
1576612954.823534 0
1576612888.91224 0
1576613001.919951 0
1576612959.823705 0
1576613023.983652 11 1534
1576613087.116202 0
1576613020.633048 0
1576613092.116769 0
1576613156.738179 11 1604
1576613218.63217 0
1576613152.156643 0
1576613270.944532 0
1576613223.631573 0
1576613287.856993 11 1554
1576613351.11652 0
1576613284.548715 0
1576613356.116698 0
1576613420.610731 11 1580
1576613484.116257 0
1576613416.296347 0
1576613541.05614 10 1497
1576613489.116348 0
1576613553.324706 11 1542
1576613615.867319 0
1576613548.084508 0
1576613620.866487 0
1576613685.208552 11 1560
1576613746.824992 0
1576613679.522094 0
1576613751.826332 0
1576613816.328612 11 1516
1576613878.345479 0
1576613811.299575 11 1526
1576613883.346257 0
1576613948.252917 11 1601
1576614011.868551 0
1576613942.750556 0
1576614078.159438 0
1576614016.868652 0
1576614086.150851 11 1546
1576614089.007684 0
1576614149.867646 0
1576614081.933328 10 1497
1576614154.867772 0
1576614209.131357 11 1527
1576614270.824644 0
1576614206.87342 0
1576614275.825881 0
1576614340.702439 11 1559
1576614338.20426 0
1576614343.694592 0
1576614404.344827 0
1576614352.038308 0
1576614409.345181 0
1576614473.827249 11 1571
1576614476.760944 0
1576614537.412032 0
1576614469.704543 0
1576614542.412497 0
1576614611.905851 11 1573
1576614606.391393 0
1576614614.922851 0
1576614675.827075 0
1576614622.139906 0
1576614680.826942 0
1576614740.053705 11 1525
1576614801.827813 0
1576614738.455368 0
1576614806.827976 0
1576614869.526618 0
1576614871.860486 11 1587
1576614934.633504 0
1576614892.282836 0
1576614939.633991 0
1576615004.529141 11 1601
1576615066.412572 0
1576615000.64041 0
1576615071.412385 0
1576615135.63806 11 1602
1576615132.426917 0
1576615138.636488 0
1576615198.869769 0
1576615162.362594 0
1576615203.870554 0
1576615268.768023 11 1554
1576615331.825631 0
1576615264.408131 0
1576615336.825064 0
1576615395.921908 0
1576615401.10566 11 1604
1576615462.635585 0
1576615432.482496 0
1576615467.636776 0
1576615532.640412 11 1547
1576615595.826997 0
1576615528.135122 0
1576615600.827191 0
1576615659.649287 0
1576615660.789418 11 1571
1576615721.870464 0
1576615702.592413 0
1576615726.869976 0
1576615796.899613 11 1525
1576615799.740426 0
1576615859.86945 0
1576615791.798957 0
1576615864.870098 0
1576615924.79189 0
1576615929.87548 11 1539
1576615993.414298 0
1576615972.691953 0
1576615998.415012 0
1576616057.842599 11 1602
1576616060.849706 0
1576616121.826504 0
1576616056.101303 0
1576616126.827194 0
1576616190.984405 11 1565
1576616187.676308 0
1576616193.988661 0
1576616254.413928 0
1576616242.803388 10 1497
1576616259.412605 0
1576616329.128262 11 1570
1576616332.001045 0
1576616392.41546 0
1576616323.429351 0
1576616397.416129 0
1576616452.135067 11 1600
1576616449.555095 0
1576616455.15337 0
1576616516.118276 0
1576616514.067507 10 1497
1576616521.119245 0
1576616585.281952 11 1525
1576616588.234441 0
1576616649.118161 0
1576616582.162242 0
1576616654.11927 0
1576616718.365708 11 1522
1576616716.288878 0
1576616781.120952 0
1576616784.155842 0
1576616786.121038 0
1576616850.816075 11 1559
1576616853.750342 0
1576616913.825665 0
1576616850.133587 0
1576616918.826384 0
1576616983.890564 11 1562
1576617045.634885 0
1576616978.407304 0
1576617054.276055 0
1576617050.635247 0
1576617115.017263 11 1518
1576617177.118897 0
1576617111.145516 0
1576617182.118194 0
1576617246.382136 11 1597
1576617249.472191 0
1576617310.344952 0
1576617243.146347 0
1576617324.359839 0
1576617315.345384 0
1576617374.605584 11 1573
1576617377.581669 0
1576617437.869685 0
1576617371.089587 0
1576617442.870549 0
1576617507.711436 11 1506
1576617569.633977 0
1576617503.3313 0
1576617594.469567 0
1576617574.634971 0
1576617639.702962 11 1521
1576617642.705341 0
1576617702.869929 0
1576617635.8879 0
1576617707.87079 0
1576617772.892475 11 1592
1576617775.891436 0
1576617836.413231 0
1576617767.149569 0
1576617864.572077 0
1576095497.171679 14 10027
1576617841.413958 0
1576617901.022611 11 1604
1576617962.825316 0
1576617899.373742 0
1576617967.826452 0
1576618037.144237 11 1534
1576618040.122538 0
1576618100.635692 0
1576618031.55877 0
1576618134.713529 0
1576618105.635827 0
1576618165.259641 11 1544
1576618227.345727 0
1576618164.211739 0
1576618232.347382 0
1576618302.150795 11 1560
1576618364.415587 0
1576618297.455209 0
1576618404.813391 0
1576618369.415348 0
1576618429.219289 11 1516
1576618490.826017 0
1576618428.345212 0
1576618495.82551 0
1576618565.901201 11 1521
1576618569.01631 0
1576618629.869393 0
1576618560.847597 0
1576618674.941813 0
1576618634.869676 0
1576618694.145093 11 1602
1576618697.16617 0
1576618757.634042 0
1576618693.203355 0
1576618762.635631 0
1576618822.299348 11 1522
1576618884.633972 0
1576618820.394168 0
1576618945.030695 0
1576618889.635098 0
1576618953.814725 11 1605
1576619015.345224 0
1576618952.482877 0
1576619020.345929 0
1576619090.459383 11 1595
1576619093.289464 0
1576619153.34552 0
1576619084.824174 0
1576619158.345275 0
1576619218.420543 11 1544
1576619280.828532 0
1576619215.11889 11 1526
1576619285.830126 0
1576619355.360036 11 1559
1576619358.387299 0
1576619418.870792 0
1576619349.581749 0
1576619423.871596 0
1576619482.172241 0
1576619483.521088 11 1564
1576619486.507535 0
1576619547.11852 0
1576619485.26445 0
1576619755.346874 0
1556062766.159735 11 1638
1556062827.629355 0
1556062862.800011 0
1556062877.111849 0
1556063132.892 0
1556063402.983999 0
1556063673.081448 0
1556063943.183813 10 1497
1556064215.043848 10 1497
1556064485.143747 10 1497
1556064756.269583 10 1497
1556065026.358769 0
1556065296.439062 0
1556065566.52993 0
1556065836.621581 -1
1556065840.819333 10 1497
1556066112.449931 10 1497
1556066382.541325 10 1497
1556066654.090094 10 1497
1556066924.185281 0
1556067194.285019 0
1556067464.380785 0
1556067734.487132 0
1556068004.592429 10 1497
1556068274.812307 10 1497
1556068544.892118 0
1556068814.975769 0
1556069085.073547 0
1556069088.03468 0
1556069358.054818 10 1497
1556069628.16641 10 1497
1556069898.486262 10 1497
1556070168.593994 10 1497
1556070439.150514 10 1497
1556070709.26569 0
1556070979.357588 0
1556071249.473312 0
1556071255.334295 0
1556071525.360904 10 1497
1556071795.487771 0
1556072065.606342 10 1497
1556072336.968682 10 1497
1556072607.084431 0
1556072877.168144 0
1556073147.259536 0
1556073417.351109 0
1556073687.431836 0
1556073957.530088 0
1556074227.641535 0
1556074497.721414 0
1556074767.857753 0
1556075037.967003 10 1497
1556075308.356962 10 1497
1556075579.632677 10 1497
1556075849.725516 0
1556076119.863375 0
1556076389.956086 0
1556076660.054719 0
1556076930.152187 0
1556077200.2524 0
1556077470.343557 0
1556077740.438732 10 1497
1556078012.594795 10 1497
1556078282.686889 0
1556078552.78037 10 1497
1542297334.460976 11 1652
1542297395.889167 0
1542297400.888903 0
1576543070.752933 11 1572
1542297587.000275 0
1576779412.249913 11 1656
1542297622.65625 0
1576259766.38103 11 1502
1542297874.526051 10 1497
1542298146.505984 10 1497
1542298416.61815 0
1542298419.057676 0
1542298689.157439 10 1497
1542298959.275928 0
1542299229.4156 0
1542299499.550795 0
1542299769.483343 0
1542300039.610198 0
1542300309.742302 0
1542300579.911927 0
1542300850.113498 0
1542301120.26566 0
1542301390.367398 0
1542301660.482827 0
1542301930.603032 10 1497
1542302201.582014 10 1497
1542302471.697718 0
1542302741.801487 0
1542303011.8951 10 1497
1542303283.017444 10 1497
1542303553.088464 10 1497
1542303824.164291 10 1497
1542304094.296976 0
1542304364.557393 10 1497
1542304635.225362 10 1497
1542304905.477395 10 1497
1542305176.025074 0
1542305180.026209 0
1542305450.13268 10 1497
1542305720.308415 10 1497
1542305990.640182 10 1497
1542306260.725176 0
1542306530.847434 0
1542306800.959995 0
1542307071.08407 0
1542307341.190775 0
1542307611.283389 0
1542307881.3942 0
1555991517.720892 11 1633
1555991579.619649 0
1555991460.215746 0
1555991730.327215 0
1555992000.363717 0
1555992270.454827 0
1576813187.619745 11 1645
1555992540.5345 0
1555992810.626464 0
1555993080.718299 0
1555993350.81824 0
1555993620.933969 0
1555993891.057677 0
1555994161.149647 0
1555994431.253961 0
1555994701.357342 0
1555994971.473093 0
1555995241.589366 0
1555995511.696698 0
1555995781.788514 0
1555996051.893808 0
1555996322.000161 0
1555996592.120103 0
1555996862.247741 0
1555997132.365934 0
1555997402.52404 0
1555997672.647347 0
1555997942.74305 10 1497
1555998214.226845 10 1497
1555998484.307385 0
1555998754.412239 0
1555999024.513496 0
1555999294.606369 0
1555999564.716615 0
1555999834.808057 0
1556000104.912137 0
1556000374.995717 0
1556000645.11083 0
1556000915.202338 0
1556001185.29391 0
1556001455.385484 0
1556001725.465154 0
1556001995.556699 0
1556002265.660657 0
1556002535.751905 0
1556002805.847889 0
1556003075.951759 0
1556003346.042993 0
1556003616.123133 0
1556003886.214399 0
1556004156.298316 0
1556004426.40614 0
1556004696.510087 0
1556004966.629802 0
1556005236.727553 0
1556005506.829089 0
1556005776.932816 0
1556006047.024632 0
1556006317.128286 0
1556006587.208132 0
1556006857.292585 0
1556007127.414566 0
1556007397.495156 0
1556007667.586446 0
1556007937.689926 0
1556008207.746746 0
1556008477.845848 0
1556008747.941574 0
1556009018.044846 0
1556009288.133323 0
1556009558.252151 0
1556009828.331664 0
1556010098.447089 0
1556010368.558668 0
1556010638.686485 0
1556010908.792887 0
1556011178.886383 0
1556011448.981991 0
1556011719.085648 0
1556011989.190641 0
1556012259.305262 0
1556012529.38503 0
1556012799.464786 0
1556013069.565872 0
1556013339.657011 0
1556013609.759898 0
1556013879.867358 0
1556014149.958746 0
1556014420.074291 0
1556014690.154105 0
1556014960.258501 0
1556015230.349753 0
1556015500.441654 0
1556015770.53322 0
1556016040.62498 0
1556016310.720735 0
1556016580.800811 0
1556016850.892198 0
1556017121.000389 0
1556017391.096385 0
1556017661.21537 0
1556017931.294764 0
1556018201.387049 0
1556018471.4777 0
1556018741.57023 0
1556019011.675196 0
1556019281.764892 0
1556019551.85671 0
1556019821.952796 0
1556020092.044116 0
1556020362.13596 0
1556020632.215643 0
1556020902.307351 0
1556021172.43662 0
1556021442.570766 0
1556021712.662564 0
1556021982.758076 0
1556022252.849702 0
1556022522.965279 0
1556022793.044677 0
1556023063.140298 0
1556023333.25603 0
1556023603.360515 0
1556023873.463219 0
1556024143.54314 0
1556024413.622996 0
1556024683.73891 0
1556024953.826686 0
1556025223.933262 0
1556025494.063722 0
1556025764.153954 0
1556026034.258024 0
1556026304.378108 0
1556026574.476832 0
1556026844.568502 0
1556027114.671849 0
1556027384.77558 0
1556027654.878979 0
1556027924.982541 0
1556028195.078543 0
1556028465.18377 0
1556028735.274239 0
1556029005.36606 0
1556029275.446495 0
1556029545.537645 0
1556029815.677378 0
1556030085.793221 0
1556030355.912913 0
1556030626.004559 0
1556030896.100047 0
1556031166.192149 0
1556031436.323886 0
1556031706.439999 0
1556031760.64944 11 1502
1556032030.92153 0
1556032301.029093 0
1556032571.12152 0
1576539252.784168 14 5532
1547506049.201836 10 1497
1547506319.301977 0
1547506589.410427 0
1547506859.525554 0
1547507129.622759 0
1547507399.729318 10 1497
1547507670.752689 10 1497
1547507940.848244 0
1547508210.94008 10 1497
1547508482.287821 10 1497
1547508752.379658 0
1547509022.464858 0
1547509292.571813 10 1497
1547509564.191356 10 1497
1547509834.303471 0
1547510104.419041 10 1497
1547510375.754443 10 1497
1547510645.902264 0
1547510916.005917 0
1547511186.097787 10 1497
1547511456.965495 10 1497
1547511727.057308 10 1497
1547511998.685902 10 1497
1547512270.753024 0
1547512272.975472 0
1547512543.069163 10 1497
1547512813.200178 0
1547513083.321176 0
1547513353.456393 0
1547513623.548057 0
1547513893.651764 0
1547514163.755522 0
1547514433.913762 0
1547514704.034958 0
1547514974.130174 0
1547515244.26178 0
1547515514.39023 0
1547515784.493191 0
1547516054.588902 0
1547516324.680586 0
1547516594.777847 0
1547516864.872115 0
1547517134.963972 0
1547517405.055671 0
1547517675.14743 10 1497
1547517945.672498 10 1497
1547518215.791018 0
1547518485.886686 0
1547518755.97851 0
1547519026.070364 0
1547519296.200352 0
1547519566.293799 0
1547519836.368528 0
1547520106.465399 0
1542297548.112328 14 10091
1542297548.144484 14 14992
1542297548.152977 14 3783
1576622496.424571 14 14992
1576779342.650162 11 1656
1576779344.729986 14 9039
1576813118.550428 14 14992
1576813118.556671 14 14992
1576813118.600126 11 1534
1575418425.862535 0
1576188847.71704 11 1645
1576259759.866331 14 3783
1542308151.490423 10 1497
1576799599.607093 11 1614
1575418560.715782 0
1575418830.828583 0
1575419100.936316 0
1575419371.02433 0
1575419641.11605 0
1575419645.701622 0
1575419915.737329 10 1497
1575420186.528722 10 1497
1575420456.617108 0
1575420726.744032 0
1575420996.85546 0
1575421266.949481 0
1575421537.128013 0
1575421807.223493 10 1497
1575422079.255433 10 1497
1575422349.355431 0
1575422619.443697 0
1575422889.531478 10 1497
1575423160.640164 10 1497
1575423430.758812 0
1575423700.847481 0
1575423970.939876 0
1575424241.056143 0
1575424511.149451 0
1575424781.243309 0
1575425051.334568 0
1575425321.427596 0
1575425591.519508 0
1575425861.610766 10 1497
1575426133.442187 10 1497
1575426403.551361 0
1575426673.639996 0
1575426943.718589 0
1575427213.810935 0
1575427483.911033 0
1575427754.00362 0
1575428024.095563 10 1497
1575428294.346458 10 1497
1575428564.438321 10 1497
1575428835.946445 10 1497
1575429106.038329 0
1575429109.71033 0
1575429379.73438 10 1497
1575429649.831102 0
1575429919.939107 0
1575430190.018158 0
1575430460.118042 0
1575430730.210379 0
1575431000.297736 10 1497
1575431270.430246 10 1497
1576538992.936407 11 1630
1541865600.501072 0
1541865516.688676 11 1502
1541865605.5013 0
1541865786.974212 0
1576606461.470035 11 1656
1541866071.35511 0
1541866057.080074 0
1541866327.207473 10 1497
1541866598.507356 10 1497
1541866870.466655 10 1497
1541867140.59812 0
1541867410.705227 10 1497
1541867682.689871 10 1497
1541867952.781643 0
1541868222.873479 0
1541868492.969112 0
1541868763.072917 10 1497
1541869033.246742 10 1497
1541869303.496278 10 1497
1541869575.09984 10 1497
1541869845.239396 0
1541870115.381066 10 1497
1541870387.158573 10 1497
1541870657.830145 0
1541870660.478616 0
1541870930.497693 10 1497
1541871200.610227 0
1541871204.276846 0
1541871474.347002 10 1497
1541871746.213128 10 1497
1541872016.309945 0
1541872286.393216 10 1497
1541872557.92281 10 1497
1541872827.972121 0
1541872831.577332 0
1541873101.600026 10 1497
1541873371.701814 10 1497
1541873642.63558 10 1497
1541873912.739343 0
1541874182.851581 0
1541874452.9556 10 1497
1541874723.982937 10 1497
1541874994.070007 0
1541875264.162051 10 1497
1541875535.747325 10 1497
1541875805.938291 10 1497
1541876076.030342 10 1497
1541876347.982857 10 1497
1541876618.115441 0
1541876888.242519 0
1541877158.33041 0
1541877428.440541 10 1497
1541877699.834814 10 1497
1541877969.926943 0
1541878240.054113 0
1541878510.186115 0
1541878780.277927 0
1541879050.370292 0
1541879052.689259 0
1576085118.811566 14 8681
1556078823.485457 10 1497
1576798143.161128 11 1502
1576798147.425084 11 1502
1576622181.312348 1 53
1576711421.300265 11 1645
1556172582.478192 0
1576711430.205236 11 1645
1576711430.832078 14 14992
1576711421.179718 11 1645
1556172788.815138 0
1576779497.098308 1 53
1576779500.09944 14 7344
1556173058.909721 0
1576259755.978479 11 1656
1556173329.030865 0
1556173599.134558 0
1556173869.242721 0
1556174139.334096 0
1556174409.445827 0
1556174679.537979 0
1556174949.629236 0
1556175219.733013 0
1556175489.833702 0
1556175759.940378 0
1556176030.025094 0
1556176300.193343 0
1556176570.287853 0
1556176840.399823 0
1556177110.483653 0
1556177380.575632 0
1556177650.67951 0
1556177920.771283 0
1556178190.875288 0
1556178460.967144 0
1556178731.07166 0
1556179001.186761 0
1556179271.282576 0
1556179541.374426 0
1556179811.51423 0
1556180081.607241 0
1556180351.693814 0
1556180621.797712 0
1556180891.893637 0
1556181161.997467 0
1556181432.150688 0
1556181702.257306 0
1556181972.353241 0
1556182242.469119 0
1556182512.552983 0
1556182782.648751 0
1556183052.744779 0
1556183322.832377 0
1556183592.943294 0
1556183863.034631 0
1556184133.142085 0
1556184403.241665 0
1556184673.369244 0
1556184943.465875 0
1556185213.576838 0
1556185483.676772 0
1556185753.767638 0
1556186023.913679 0
1556186294.00819 0
1556186564.123955 0
1556186834.215843 0
1556187104.331905 0
1556187374.447515 0
1556187644.562398 0
1556187914.658008 0
1556188184.762084 0
1556188454.864982 0
1556188724.948532 0
1556188995.07619 0
1556189265.17241 0
1556189535.26415 0
1556189805.356437 0
1556190075.487858 0
1556190345.572194 0
1556190615.68739 0
1556190885.779366 0
1556191155.863059 0
1556191425.971348 0
1556191696.074239 0
1556191966.174172 0
1556192236.265373 0
1556192506.380812 0
1556192776.474186 0
1556193046.59987 0
1556193316.696516 0
1556193586.804586 0
1556193856.911684 0
1556194127.003815 0
1556194397.107636 0
1556194667.211094 0
1556194937.326893 0
1556195207.419223 0
1556195477.558436 0
1556195747.650783 0
1556196017.753793 0
1556196287.845351 0
1556196557.952859 0
1556196828.084784 0
1556197098.192625 0
1556197368.307848 0
1556197638.393709 0
1556197908.524007 0
1556198178.615557 0
1556198448.735729 0
1556198718.831381 0
1556198989.072746 0
1556199259.192814 0
1556199529.327091 0
1556199799.407509 0
1556200069.510801 0
1556200339.613798 0
1556200609.705362 0
1556200879.814476 0
1556201149.916863 0
1556201420.040364 0
1556201690.136121 0
1556201960.236297 0
1556202230.379833 0
1556202500.475739 0
1556202770.555454 0
1556203040.65607 0
1556062761.679827 14 3783
1556062762.153495 14 14992
1576779181.466652 11 1648
1555991584.61953 0
1576622071.635074 11 1503
1556158559.566651 0
1556158620.015304 0
1556158472.939512 0
1556158743.062017 0
1556159013.166534 0
1556159283.250104 0
1556159553.345739 10 1497
1556159823.965448 10 1497
1556160094.057237 0
1556160364.145041 0
1556160634.288675 0
1556160904.381057 0
1556161174.484288 0
1556161444.580174 0
1556161714.676084 0
1556161984.779843 0
1556162254.902772 0
1556162525.006156 0
1556162795.098719 0
1556163065.205128 0
1556163335.2966 0
1556163605.4003 0
1556163875.506433 0
1556164145.600064 0
1556164415.721128 0
1556164685.816197 0
1556164955.915628 0
1556165226.011576 0
1556165496.115237 0
1556003897.139451 14 15330
1556003897.154711 14 10027
1556165766.199023 0
1556166036.303374 0
1556166306.402416 0
1556166576.496645 0
1556166846.605751 0
1556167116.697285 0
1556167386.804958 0
1556167656.897227 0
1556167927.0366 0
1556168197.144443 0
1556168467.276242 0
1556168737.360256 0
1556169007.464039 0
1556169277.5559 0
1556169547.651671 0
1556169817.731561 0
1556170087.827264 0
1556170357.931564 0
1556170628.019144 0
1556170898.125952 0
1556171168.218101 0
1556171438.361063 0
1556171708.444675 0
1541865577.072189 11 1656
1541895834.229318 11 1657
1541895896.491475 0
1541895646.165807 10 1497
1541866007.503858 14 14992
1541895917.415355 10 1497
1576625930.604971 11 1656
1541896188.982438 10 1497
1541896459.113587 10 1497
1541896730.178283 10 1497
1541897000.278505 0
1541897270.386899 0
1541897540.493255 0
1541897810.60348 0
1541898080.697006 0
1541898350.8121 0
1541898621.006869 10 1497
1541898891.30032 10 1497
1541899161.476191 0
1541899431.604129 0
1541899701.668746 0
1541899971.760442 0
1541900241.862156 0
1541900511.9601 10 1497
1541900783.927705 10 1497
1541901054.034695 0
1541901324.150013 0
1541901594.254364 0
1541901864.37242 0
1541902134.473959 10 1497
1541902405.662228 10 1497
1541902676.190048 10 1497
1541902946.286246 0
1541903216.378362 0
1541903486.4813 0
1541903756.59648 0
1541904026.713211 0
1541904296.836571 0
1541904566.916064 0
1541904837.0082 0
1541905107.131886 0
1541905377.253463 0
1541905379.862647 0
1541905649.878673 10 1497
1541905920.498879 10 1497
1541906190.606244 0
1541906460.686496 0
1541906463.694281 0
1541906733.743503 10 1497
1541907005.089521 10 1497
1541907275.193314 0
1541907545.345697 0
1541907815.49759 10 1497
1541908086.192893 10 1497
1541908356.285507 0
1541908626.682406 0
1541908896.772799 10 1497
1541865482.531963 14 3782
1542383521.709429 0
1542383526.708313 0
1576540141.039867 11 1656
1542383814.833597 0
1542383875.269442 0
1576606312.354161 11 1645
1542383708.759641 0
1542383978.838899 0
1576607375.615727 14 14992
1542384248.943124 10 1497
1541896177.908384 11 1656
1542384519.106761 10 1497
1541896665.458253 14 14992
1541896822.679442 14 14992
1542384789.225979 0
1542385059.344633 10 1497
1542385331.037747 10 1497
1542385601.138269 0
1542385603.786085 0
1542385873.812234 10 1497
1542386143.916837 0
1542386414.011235 10 1497
1542386684.854733 10 1497
1542386954.946373 0
1542387225.064455 0
1542387495.15705 0
1542387765.297324 0
1542388035.413369 0
1542388305.53574 0
1542388575.665586 0
1542388846.048036 10 1497
1542389116.719035 10 1497
1542389386.842631 0
1542389656.974795 0
1542389927.10246 0
1542390197.218798 10 1497
1542390467.393209 10 1497
1542390737.489389 0
1542391007.586959 0
1542391277.68928 0
1542391547.816794 0
1542391817.936135 0
1542392088.047457 0
1542392358.139361 0
1542392628.224362 0
1542392898.353216 0
1542393168.461842 0
1542393438.554247 0
1542393708.645724 0
1542393978.773393 0
1542394248.879388 0
1542394518.993325 10 1497
1542394789.509046 10 1497
1542395059.602605 0
1542395331.725412 10 1497
1542395603.005684 10 1497
1542395873.109153 0
1542396143.245111 0
1542396413.372715 10 1497
1542396684.208948 10 1497
1542396954.317605 0
1542397224.439718 0
1542397494.521607 0
1542397764.629064 0
1542398034.736493 0
1542398304.852497 0
1542398574.937177 0
1576538992.743485 14 10091
1556062756.656577 14 10091
1556062756.89937 14 14992
1556062756.902718 14 10027
1555991517.709005 -1
1576711421.142399 14 8681
1556172603.16764 14 14992
1576813118.501325 13 1814
1576813118.548553 14 3783
1575418359.949358 14 14992
1542383799.822789 14 10091
1576779497.079811 14 8681
1576779500.083178 14 8681
1556173097.153013 14 15330
1576779497.110446 14 5532
1576779497.209519 11 1530
1542383800.187284 14 14992
1576799281.4827 14 3783
1576606204.917463 5 630
1576623444.641077 11 1656
1542383800.427366 14 14992
1542383880.269495 0
1576799407.313684 14 8024
1542383833.642845 14 8024
1576779823.313982 11 1656
1576259705.968668 14 8681
1576085945.454586 14 3783
1576085964.699446 14 8681
1576540277.431642 14 9372
1576799536.379492 11 1656
1575418697.133139 1 53
1576779960.736229 14 4818
1576779962.780145 14 3783
1576540436.408048 14 3783
1576799727.826585 14 3783
1576259882.316726 14 9372
1576799789.748397 14 8024
1576260164.758138 11 1572
1576624147.129922 11 1591
1575569158.112875 0
1556173798.904191 11 1656
1556173800.988026 14 14992
1576606305.613219 11 1502
1576606313.542476 14 10091
1541865998.708109 11 1645
1541865999.035091 14 10091
1541865999.057773 14 14992
1575569361.856075 0
1541865999.059396 14 9039
1541865999.063553 13 1814
1575569631.970555 0
1575569902.067143 10 1497
1575570174.082362 10 1497
1575570444.161932 10 1497
1575570714.777776 10 1497
1575570984.873753 0
1575571254.965614 0
1575571525.053782 0
1575571795.145213 0
1575572065.236506 0
1575572335.32576 0
1575572605.432964 0
1575572875.520523 0
1575573145.620606 0
1575573415.708204 0
1575573685.800053 10 1497
1575573956.47641 10 1497
1575574226.572223 0
1575574496.65994 10 1497
1575574768.596858 10 1497
1575575038.727813 0
1575575308.847613 0
1575575578.935612 0
1575575849.033622 10 1497
1575576120.323703 10 1497
1575576389.73126 0
1575576659.855134 0
1575576929.971437 0
1575577200.079611 0
1575577470.178928 0
1575577740.27035 10 1497
1575578011.402694 10 1497
1575578281.51666 0
1575578551.630665 0
1575578821.745657 0
1575579091.863022 0
1575579361.974272 0
1575579632.102605 0
1575579902.228179 0
1575580172.322209 0
1575580442.426239 0
1575580712.522115 10 1497
1575580982.889516 10 1497
1575581252.946338 0
1575581523.114127 0
1576084972.993164 14 14992
1575502890.766714 -1
1576084973.055108 14 3783
1575502900.038718 -1
1576084973.057642 14 3782
1575502910.091014 -1
1542297595.864978 0
1576084973.660101 11 1656
1555991515.199289 14 10091
1576621995.610157 14 3783
1576622000.401617 14 10027
1556172513.101692 14 10091
1556172513.194233 11 1645
1556172513.35771 14 3783
1556172513.47219 14 14992
1576539309.2183 14 14992
1576798153.20826 14 14992
1576798248.557019 14 14992
1556203310.763278 14 10027
1556172518.96418 14 14992
1576711421.220647 14 10091
1575418342.356608 14 10091
1576711421.272286 14 3783
1576711421.290795 14 14992
1576779314.835103 14 10145
1542297548.112355 14 3783
1575418349.407405 11 1645
1542297548.240177 11 1645
1576539709.47283 11 1558
1575503819.106646 0
1542383799.989769 11 1645
1576779497.084708 14 10091
1556173097.167327 14 14992
1576799154.24883 14 14992
1576623381.570967 14 3783
1542383800.144925 14 14992
1576779513.867614 11 1648
1576085723.021158 14 8681
1576259605.443832 14 5532
1576259645.444778 14 5532
1576779795.536935 14 14992
1575503824.10571 0
1556173364.270012 14 10091
1576259974.706603 11 1508
1575568664.248435 11 1507
1575503981.10749 0
1576539708.693659 11 1645
1575504026.190669 0
1541865998.629128 14 10091
1541865998.849978 14 10091
1541865999.059265 14 14992
1556173972.36116 11 1656
1575504296.284696 0
1575504566.405616 0
1575504836.512445 0
1575505106.59232 0
1575505376.680116 0
1575505646.776488 0
1575505916.884038 0
1575506187.004201 0
1575506457.085964 10 1497
1575506728.529709 10 1497
1575506998.611661 10 1497
1575507269.375735 10 1497
1575507539.453185 0
1575507809.537097 0
1575508079.619786 10 1497
1575508350.831372 10 1497
1575508620.915233 0
1575508890.991069 0
1575509161.081724 10 1497
1575509431.231289 10 1497
1575509701.302727 10 1497
1575509972.696442 10 1497
1575510242.787224 0
1575510512.894979 0
1575510782.987352 0
1575511053.071983 0
1575511323.155167 0
1575511593.239041 10 1497
1575511864.280713 10 1497
1575512135.10691 10 1497
1575512405.187235 0
1575512675.304324 0
1575512945.392986 0
1575513215.483664 0
1575513485.570935 10 1497
1575513756.246675 10 1497
1575514026.331158 0
1575514296.41516 0
1575514566.4987 10 1497
1575514837.794528 10 1497
1575515108.056986 10 1497
1575515378.152087 10 1497
1575515649.274482 10 1497
1575515920.863369 10 1497
1575516190.958436 0
1575516461.054474 0
1575516731.138303 10 1497
1575517001.953237 10 1497
1575517272.061784 0
1575517542.142245 0
1575517812.242232 10 1497
1575503067.858837 14 8024
1547520376.569336 0
1542383946.262089 11 1656
1576624341.779841 14 14992
1542383948.383577 14 14992
1541865998.668969 11 1645
1576261097.218411 14 7339
1576261097.218765 14 3783
1556322931.277609 0
1576800425.265578 11 1656
1542297844.412951 14 14992
1556323301.419568 11 1629
1556323307.386773 0
1556323368.045598 0
1575503702.163188 14 8024
1576607219.389457 11 1656
1556323382.829997 0
1576607750.135475 14 8024
1576607747.569089 14 14992
1556323653.046143 0
1555996697.193429 14 14992
1555996697.210061 14 10027
1576608538.912281 14 9039
1556323923.236881 0
1556324193.344402 0
1556324463.440147 0
1556324733.519501 0
1556325003.611195 10 1497
1556325274.371005 10 1497
1556325544.457326 0
1556325814.634761 0
1556326084.738581 0
1556326354.85074 0
1556326624.898761 0
1556326895.002182 0
1556327165.141724 0
1556327435.23774 0
1556327705.329212 0
1556327975.421368 0
1556328245.488707 10 1497
1556328517.159959 10 1497
1556328787.323476 0
1556329057.435536 0
1556329327.613006 0
1556329597.70721 0
1556329867.86826 0
1556330137.96292 0
1556330408.079909 10 1497
1556330679.882584 10 1497
1556330949.979258 0
1556331220.034474 0
1556331490.138068 0
1556331760.229821 0
1556332030.345351 0
1556332300.449255 10 1497
1556332571.48815 10 1497
1556332841.644213 0
1556333111.784662 0
1556333381.898936 0
1556333651.994653 0
1556333922.074434 0
1556334192.154327 0
1556334462.294293 0
1556334732.425793 10 1497
1556335004.321313 10 1497
1556335274.413584 0
1556335544.532644 0
1556335814.636397 0
1556336084.751972 0
1556336354.867511 0
1556336624.982971 0
1556336895.111216 0
1556337165.201898 0
1556337435.302203 0
1556337705.421878 0
1556337975.513905 0
1556338245.629347 0
1556338515.737328 0
1556338785.840909 0
1556339055.944557 0
1556172601.470351 11 1656
1576711430.833082 14 10091
1576813118.106636 11 1551
1576798459.481626 14 14992
1576259431.009109 13 1814
1556339326.03639 0
1576622560.37847 11 1609
1556381583.16278 0
1576798268.653994 14 3783
1556381762.263254 0
1556382032.355632 0
1556382302.49532 0
1556382572.615024 0
1556382842.676824 0
1556383112.769616 0
1556383382.86167 0
1556383652.978557 10 1497
1556383924.788768 10 1497
1556384194.928396 0
1556384465.028092 0
1556384735.131974 0
1556385005.223975 0
1556385275.315806 0
1556385280.519547 0
1556385550.563844 10 1497
1556385820.803694 10 1497
1556386090.899832 0
1556386361.023254 0
1556386631.119617 0
1556386901.260054 0
1556387171.386813 0
1556387441.510997 0
1556387711.616469 0
1556387981.710245 10 1497
1556388252.453939 10 1497
1556388522.545848 0
1556388792.706436 10 1497
1556389064.26583 10 1497
1556389336.097796 10 1497
1556389606.21367 0
1556389876.321696 0
1556390146.426368 10 1497
1556390417.501601 10 1497
1556390687.59449 0
1556390957.673247 0
1556391227.801083 0
1556391497.893796 0
1556391767.988815 0
1556392038.068817 10 1497
1556392309.547357 10 1497
1556392579.656268 0
1556392849.749694 0
1556393119.884201 0
1556393389.984277 0
1556393660.06511 0
1556393930.167807 0
1556394200.263687 10 1497
1556394471.447833 10 1497
1556394742.231672 10 1497
1556395012.32005 0
1556395282.416805 0
1556395552.51947 0
1556395822.615299 10 1497
1556396093.908892 10 1497
1556396363.992187 0
1556396634.083879 0
1556396904.183865 0
1556397174.288005 0
1556397444.391693 0
1556397714.483979 0
1556397984.587356 10 1497
1556398255.431477 10 1497
1556398525.718849 10 1497
1556398797.058662 10 1497
1556399067.174838 0
1556399337.266462 0
1556399607.357393 0
1556399877.46158 10 1497
1556400148.256329 10 1497
1556400418.371929 0
1556400688.467919 10 1497
1556400959.918979 10 1497
1556401230.03487 0
1556401500.214884 0
1556401770.318789 0
1556402040.362509 0
1556402310.466404 0
1556402580.642266 0
1556402850.737322 0
1556403120.842691 0
1556403390.921624 0
1556403661.025254 0
1556403931.128638 0
1556404201.2284 0
1556404471.355974 0
1556404741.448786 0
1556404744.538392 0
1556405014.587166 10 1497
1576188847.745576 14 9372
1575503460.543046 11 1507
1556122572.400698 0
1575503533.968266 11 1656
1556122800.89793 0
1556123071.072617 0
1556123341.164495 0
1556123611.261132 10 1497
1556123882.796028 10 1497
1556124152.908113 0
1556124423.015192 10 1497
1556124694.522597 10 1497
1556124964.618251 0
1556125234.757644 10 1497
1556125506.63357 10 1497
1556125776.803408 0
1556126046.93394 0
1556126317.038827 0
1556126587.158133 0
1556126857.294386 10 1497
1556127129.102257 10 1497
1556127399.198628 0
1556127669.346066 0
1556127939.462128 0
1556128209.569917 0
1556128479.694179 0
1556128749.831658 10 1497
1556129020.281486 10 1497
1556129290.385149 10 1497
1556129560.892954 10 1497
1556129832.469579 10 1497
1556130102.592416 0
1556130372.711724 0
1556130642.846908 10 1497
1556130913.143144 10 1497
1556131183.237454 0
1556131453.332858 0
1556131723.428095 0
1556131993.587507 0
1556132263.703159 0
1556132533.821825 10 1497
1556132804.910436 10 1497
1556133075.026677 0
1556133345.138314 10 1497
1556133616.365216 10 1497
1556133886.477112 0
1556134156.576331 0
1556134426.712774 0
1556134696.805251 0
1556134966.909048 0
1556135237.010197 0
1556135507.108882 10 1497
1576711421.317457 11 1645
1556079659.938346 0
1576711421.451545 13 1814
1556079903.905883 0
1556080175.994381 10 1497
1556080446.680207 10 1497
1556080716.878089 10 1497
1556080987.022011 0
1556081257.162206 0
1556081527.3343 0
1556081797.426048 0
1556082067.509868 10 1497
1556082338.7385 10 1497
1556082608.845739 0
1556082878.925691 0
1556083149.02136 0
1556083419.170934 0
1556083689.252635 0
1556083959.334702 10 1497
1556084231.316575 10 1497
1556084501.432351 0
1556084771.543673 10 1497
1556085042.903985 10 1497
1556085312.995079 0
1556085583.087159 0
1556085853.190014 0
1556086123.29737 10 1497
1556086394.625192 10 1497
1556086666.336215 10 1497
1556086936.427682 0
1556087206.511856 10 1497
1556087477.171308 10 1497
1556087747.287551 0
1556088017.395009 0
1556088287.492902 0
1556088557.575298 10 1497
1556088829.290597 10 1497
1556089099.382318 10 1497
1556089371.062497 10 1497
1556089642.882201 10 1497
1556089912.993691 10 1497
1556090184.497575 10 1497
1556090454.596403 0
1556090724.683121 0
1556090994.784744 10 1497
1556091266.068653 10 1497
1556091537.743197 10 1497
1556091807.875263 10 1497
1556092078.132417 10 1497
1556092348.248147 0
1556092618.367932 10 1497
1556092889.16904 0
1556092892.335387 0
1556093162.359032 10 1497
1556093183.129556 0
1556093432.454564 0
1556093702.54644 0
1556093972.626629 0
1556094242.722015 0
1575502896.766672 10 1497
1556062761.139963 11 1645
1542126763.311851 10 1497
1542127034.167758 -1
1542127038.802425 0
1576620025.430952 14 14992
1542127308.834769 10 1497
1542127578.937262 0
1542127849.13747 11 1526
1542128119.872106 0
1542128389.999601 0
1542128660.122899 0
1542128930.27075 10 1497
1542129201.014598 10 1497
1542129471.447447 0
1542129741.572192 0
1542130011.686109 0
1542130281.765845 0
1542130551.892858 10 1497
1542130822.814227 0
1542131092.953098 0
1542131363.098884 0
1542131633.211859 0
1542131903.291414 10 1497
1542132175.127303 10 1497
1542132445.235639 0
1542132715.329518 10 1497
1542132987.457335 10 1497
1542133257.546829 10 1497
1542133528.684028 10 1497
1542133798.790514 0
1542134068.887574 0
1542134338.971512 0
1542134609.064344 0
1542134880.012029 0
1542135150.094857 0
1542135420.187619 0
1542135690.28011 0
1542135960.384023 0
1542136230.482575 0
1542136500.57588 0
1542136770.673703 0
1542137040.754315 0
1542137310.846712 0
1542137580.949104 0
1542137851.030788 10 1497
1542138121.211083 10 1497
1542138392.193276 10 1497
1542138662.297602 10 1497
1542138934.259854 10 1497
1542139204.355163 0
1542139474.441527 0
1576084973.660126 11 1551
1576084973.827837 14 3783
1576084973.890523 14 3783
1576538992.314947 11 1656
1576538992.786381 14 3783
1576538992.822286 14 10091
1556323240.624765 11 1692
1555976195.75994 0
1576085085.428928 10 1497
1555976604.396081 0
1555976874.499013 0
1555977144.627296 0
1555977414.752445 0
1555977684.857479 0
1555977954.946002 0
1555978225.037912 0
1541865999.215915 11 1645
1541865999.266824 14 10091
1555978495.146742 0
1555978765.240837 0
1555979035.33259 0
1555979305.424195 0
1576625489.572201 11 1656
1555979575.516398 0
1555979845.607583 0
1555980115.699272 0
1555980385.787338 0
1555980655.878671 0
1555980925.984046 0
1555981196.086026 0
1555981466.454449 0
1555981736.569654 0
1555982006.661458 0
1555982276.770933 0
1555982546.873532 0
1555982816.976938 0
1555983087.080281 0
1555983357.209589 0
1555983627.307699 0
1555983897.43554 0
1555984167.515303 0
1555984437.595076 0
1555984707.698757 0
1555984977.810089 0
1555985247.902259 0
1555985517.995806 0
1555985788.101726 0
1555986058.217498 0
1555986328.309166 0
1555986598.393745 0
1555986868.500562 0
1555987138.592211 0
1555987408.720156 0
1555987678.82501 0
1555987948.915554 0
1555988218.999189 0
1555988489.066928 0
1555988759.162619 0
1555989029.254361 0
1555989299.358086 0
1555989569.465715 0
1555989839.546115 0
1555990109.649244 0
1555990379.753096 0
1555990649.878113 0
1576259131.740556 11 1500
1556576146.931253 0
1576622941.527207 14 9035
1575503910.931092 14 14992
1576779656.143736 14 3783
1556173206.049211 13 1814
1576623506.381839 14 3783
1576799344.70923 14 3783
1576259826.821938 11 1648
1556576151.931656 0
1576623765.372348 14 6993
1576259923.098542 14 8681
1575568872.025817 11 1615
1556576334.256858 0
1556576599.408483 0
1576800113.96143 11 1656
1576624469.424345 13 1814
1556576604.362095 0
1542384089.414385 11 1656
1542384091.603255 14 14992
1556385497.206574 14 15330
1576625679.536109 14 14992
1556576874.503542 0
1541896336.009064 11 1656
1542298754.581065 14 14992
1541896965.868643 14 3783
1556577144.589481 0
1576608939.831766 14 15330
1556577414.73266 10 1497
1556577685.136957 10 1497
1556577955.246534 10 1497
1556578227.313923 10 1497
1556578498.78943 10 1497
1556578768.969266 0
1556579039.132487 10 1497
1556579309.600116 10 1497
1556579579.839582 0
1556579849.947304 10 1497
1556580121.554747 10 1497
1556580391.626453 0
1556580661.72998 0
1556580931.821489 0
1556581201.965179 0
1556581472.111108 0
1556581742.200446 10 1497
1556582012.678148 10 1497
1556582282.772538 10 1497
1556582553.644523 10 1497
1556582823.734063 0
1556582827.264997 0
1556583097.284747 10 1497
1556583369.176771 10 1497
1556583639.281396 0
1556583909.386362 0
1556584179.504729 0
1556584449.596692 10 1497
1556584720.212665 10 1497
1556584990.304519 0
1556585260.409215 0
1556585530.520471 0
1556585800.636327 10 1497
1556586070.768345 10 1497
1556586340.908183 0
1556586611.036638 0
1556586881.175995 10 1497
1556587151.796043 10 1497
1556587421.937861 10 1497
1556587693.549235 10 1497
1556587963.64021 0
1556587966.009296 0
1556588236.020197 10 1497
1556588506.111496 0
1556588776.199448 0
1556589046.279325 0
1556589316.367628 0
1556589586.462199 10 1497
1556589858.463692 10 1497
1556590128.918957 10 1497
1556590399.318992 0
1556590402.871482 0
1556590672.89472 10 1497
1556590943.310953 10 1497
1576711097.196026 14 14992
1576538992.41771 11 1656
1541865536.63678 14 10091
1575568517.506948 10 1497
1542651195.04628 10 1497
1542651465.125906 10 1497
1542651735.589531 10 1497
1542652005.7411 10 1497
1542652277.682096 10 1497
1542652547.76915 0
1542652817.898814 10 1497
1542653089.325571 10 1497
1542653359.436735 0
1542653629.531757 0
1542653899.576644 0
1542654169.66017 0
1542654439.751847 0
1542654709.883989 0
1542654980.03832 0
1542655250.143709 10 1497
1542655521.437142 10 1497
1542655791.528177 10 1497
1542656062.474877 0
1542656064.586709 0
1542656334.619245 10 1497
1542656604.735367 0
1542656874.81384 10 1497
1542657145.083005 10 1497
1542657415.190585 10 1497
1542657685.958939 10 1497
1542657956.110707 0
1542658226.262764 0
1542658496.38057 10 1497
1542658768.117985 10 1497
1542659038.245868 0
1542659308.337819 0
1542659578.466883 0
1542659848.573593 0
1542660118.713521 0
1542660388.793565 0
1542660658.8876 10 1497
1542660930.99233 10 1497
1542661202.373411 10 1497
1542661472.477598 0
1542661742.584492 0
1542662012.689918 0
1542662282.781692 0
1542662552.96911 0
1542662823.097409 0
1542663093.190304 0
1542663363.293469 0
1542663633.396917 0
1542663903.476653 0
1556062762.154528 14 10027
1556158546.937838 14 10091
1576711421.481985 14 10145
1576711421.498855 14 3783
1576622368.421127 14 3783
1576188862.058711 14 10091
1576188862.812285 13 1814
1542127367.601642 -1
1576813118.551449 14 14992
1575404227.512545 10 1497
1576813125.577254 14 14992
1555992631.394709 14 8034
1576259436.795869 13 1814
1542297560.034611 14 14992
1576779412.746875 14 4490
1576779412.831771 11 1645
1576779412.880347 14 10091
1576779412.910465 14 8681
1576798904.161131 14 3783
1575568586.927838 11 1508
1576623004.733633 14 14992
1576539844.695977 11 1656
1576813118.597947 11 1548
1575404516.617142 11 1584
1575404578.818354 0
1575404497.597931 0
1575404767.740178 0
1575405037.839381 0
1575405307.975455 0
1575405578.116248 0
1575405848.22921 0
1575406118.344069 0
1575406388.445193 0
1575406658.571848 10 1497
1575406930.211785 10 1497
1575407200.331297 0
1575407470.455678 0
1575407740.579954 0
1575408010.716192 10 1497
1575408282.472683 10 1497
1575408552.564905 0
1575408822.657372 0
1575409092.756175 0
1575409362.849861 0
1575409365.025173 0
1575409635.075746 10 1497
1575409906.139918 10 1497
1575410176.268804 10 1497
1575410446.459913 10 1497
1575410716.599469 0
1575410986.713147 0
1575411256.819372 0
1575411526.932879 0
1575411797.083527 0
1575412067.176752 0
1575412337.319108 10 1497
1575412607.619836 0
1575412609.774627 0
1575412879.810958 10 1497
1575413149.918416 0
1575413420.058894 0
1575413690.146598 0
1575413960.235203 0
1575414230.374448 0
1575414233.339115 0
1575414503.384296 10 1497
1575414773.502232 0
1556169497.158006 14 15330
1556169497.1746 14 10027
1575415043.602271 10 1497
1575415314.967377 10 1497
1575415585.08567 0
1575415855.211011 0
1575416125.310406 10 1497
1575416396.768458 10 1497
1575416666.885637 10 1497
1575416938.784121 10 1497
1575417209.195197 10 1497
1575417479.322503 0
1542297275.365054 11 1656
1576635966.077172 10 1497
1541865579.061543 14 14992
1542988702.179885 11 1502
1576711431.327839 5 679
1576711431.836459 11 1648
1576711431.836558 14 3783
1576711496.896129 13 1814
1576259430.339986 11 1656
1576188909.554603 11 1548
1556381588.15993 11 1674
1542989133.006374 0
1542664173.577244 10 1497
1542988972.499093 0
1576779425.663934 11 1508
1542989242.6269 10 1497
1542989513.569211 10 1497
1576085934.489945 14 8681
1542989783.716734 0
1542990053.840273 0
1542990323.980143 0
1542990594.147368 0
1542990864.326809 0
1542991134.438758 0
1542991404.545774 10 1497
1542991674.782801 10 1497
1542991944.913955 0
1542992215.054413 0
1542992485.177007 0
1542992755.255232 0
1542993025.359232 0
1542993295.498398 10 1497
1542993567.201749 10 1497
1542993837.293431 0
1542994107.417058 0
1542994377.569072 0
1542994647.721358 0
1542994917.897706 10 1497
1542995188.852456 10 1497
1542995458.961362 0
1542995729.067781 0
1542995999.183338 0
1542996269.311048 0
1542996539.463188 10 1497
1542996811.266183 10 1497
1542997081.346995 10 1497
1542997352.942396 10 1497
1542997623.057758 0
1542997893.154195 0
1542998163.269401 0
1542998433.371218 10 1497
1542998705.00541 10 1497
1542998975.096195 0
1542999245.218852 0
1542999515.298159 0
1542999785.407632 0
1543000055.494883 10 1497
1543000326.138112 10 1497
1543000597.820592 10 1497
1543000867.901857 0
1543001138.010498 0
1543001408.091975 0
1543001678.172361 0
1543001948.289258 0
1543002218.441839 0
1576539024.400616 14 8681
1576085078.069814 11 1508
1542816121.747461 0
1541895823.498143 14 3783
1576259758.098162 14 14992
1575418697.128701 14 3783
1556576545.073905 11 1612
1542816502.996381 0
1576714697.156384 14 14992
1542298313.917623 11 1656
1542816507.996509 0
1556576896.986074 11 1615
1542816391.858948 0
1542816644.28261 11 1584
1542816705.888437 0
1542816710.88848 0
1542816775.196091 11 1672
1542816836.904093 0
1576625617.225252 11 1665
1541866377.16482 14 14992
1542384301.385758 14 8024
1542816841.903958 0
1542384303.412601 14 14992
1542816661.970307 0
1542816906.533755 11 1661
1542816967.997214 0
1542298607.398868 11 1656
1542816972.997318 0
1576607354.931657 11 1671
1542817104.439189 0
1542384563.264231 14 14992
1541896179.927712 14 14992
1542817109.438569 0
1541866576.715186 14 8024
1542816932.053344 0
1542817174.023577 11 1627
1542817235.904066 0
1542817240.903609 0
1542817305.245464 11 1627
1542817366.981068 0
1542817371.980747 0
1542817202.151563 0
1576801925.478874 11 1623
1542817498.270015 0
1541866819.807462 11 1656
1542817503.270287 0
1556323851.762538 11 1631
1542817629.653118 0
1541896663.624362 14 4490
1542384931.350747 14 8024
1542817634.653353 0
1542384933.345595 14 14992
1542817472.270107 10 1497
1542817699.14802 11 1628
1542817760.485424 0
1542817765.485395 0
1576543076.860992 11 1622
1542817891.886932 0
1542817896.887832 0
1542817742.722405 10 1497
1542817961.600955 11 1686
1542818023.547318 0
1542818028.546642 0
1556577530.848007 11 1608
1542818159.402531 0
1542818164.402942 0
1542818012.817046 0
1576626880.417522 11 1665
1542818291.248307 0
1542818296.247722 0
1556324402.368937 11 1634
1542818421.886499 0
1542818426.886983 0
1542818282.918276 0
1542818491.75818 11 1634
1542818553.033895 0
1542818558.033813 0
1542818622.932808 11 1659
1542818684.269904 0
1542818689.270071 0
1542818754.237207 11 1685
1542818816.007378 0
1542818553.019336 0
1542818821.006745 0
1542818885.551287 11 1628
1542818947.003625 0
1542818952.004071 0
1542819016.807241 11 1661
1542819078.314485 0
1542818823.127649 0
1542819083.314648 0
1542819148.092137 11 1660
1542819210.198261 0
1542819215.19849 0
1576609594.658602 11 1614
1542819340.689576 0
1542819093.23944 0
1542819345.690095 0
1576803005.354113 11 1650
1542819472.041175 0
1542819477.040834 0
1556093183.137828 11 1636
1542819608.835885 0
1542819363.34507 0
1542819613.835516 0
1542819678.136508 11 1631
1542819739.712467 0
1542819744.712667 0
1542819809.415362 11 1652
1542819871.027434 0
1542819633.477871 0
1542819876.027387 0
1542819940.605131 11 1629
1542820002.542131 0
1542820007.542287 0
1542820071.826983 11 1660
1542820133.450826 0
1542819903.591417 10 1497
1542820138.450097 0
1542820203.177764 11 1631
1542820264.543606 0
1542820269.543488 0
1542820334.471965 11 1683
1542820396.197729 0
1542820174.022353 10 1497
1542820401.198147 0
1542820465.712732 11 1652
1542820527.623267 0
1542820532.6113 0
1542820601.882144 11 1686
1542820663.483088 0
1542820444.11902 0
1542820668.483608 0
1556000297.120378 11 1622
1542820794.64921 0
1542820799.649519 0
1542820864.426419 11 1667
1542820926.24677 0
1542820714.218094 0
1542820931.246999 0
1542820995.683874 11 1716
1542821057.687814 0
1542821062.687988 0
1542821127.042217 11 1631
1542821188.481595 0
1542820984.317528 0
1542821193.480993 0
1542821258.263278 11 1643
1542821320.314676 0
1542821325.314566 0
1542821389.553276 11 1654
1542821451.19737 0
1542821456.196508 0
1542821254.411573 0
1542821520.815288 11 1674
1542821582.660176 0
1542821587.659689 0
1542821652.09954 11 1643
1542821713.443815 0
1542821718.443666 0
1542821524.5269 0
1542821783.428918 11 1692
1542821844.899102 0
1542821849.89916 0
1542821914.965203 11 1628
1542821976.267553 0
1542821981.267627 0
1542821794.644784 0
1542822051.192195 11 1692
1542822113.00053 0
1542822118.000823 0
1542822182.404973 11 1628
1542822244.387283 0
1542822249.38791 0
1542822064.742048 0
1542822313.636495 11 1650
1542822375.028269 0
1542822380.028292 0
1542822444.870691 11 1687
1542822506.491082 0
1542822511.491006 0
1542822334.867212 0
1542822576.251608 11 1686
1542822638.030885 0
1542822643.030039 0
1542822707.500171 11 1628
1542822769.346708 0
1542822774.346532 0
1542822604.99302 0
1542822838.728763 11 1640
1542822899.963952 0
1542822905.034727 0
1542822974.960468 11 1674
1542823036.446806 0
1542823041.446391 0
1542822875.098035 0
1576613943.576423 11 1688
1542823167.4319 0
1542823172.432046 0
1542823237.502725 11 1634
1542823299.245049 0
1542823304.245482 0
1542823145.204471 0
1542823368.796924 11 1672
1542823430.648033 0
1542823435.64842 0
1542823500.045138 11 1628
1542823561.701126 0
1542823566.70079 0
1542823415.314068 10 1497
1542823631.312102 11 1693
1542823693.025299 0
1542823698.02454 0
1542823762.499686 11 1687
1542823824.608081 0
1542823829.607508 0
1542823893.811577 11 1631
1542823685.879717 10 1497
1542823955.303856 0
1542823960.304108 0
1542824025.217524 11 1664
1542824087.023978 0
1542824092.024351 0
1576615264.93642 11 1713
1542824218.024071 0
1542823956.852962 0
1542824223.024373 0
1576615532.624259 11 1660
1542824354.347965 0
1542824359.347631 0
1556075897.232373 11 1646
1542824485.917094 0
1542824226.98921 0
1542824490.916976 0
1542824555.201391 11 1626
1542824616.993035 0
1542824621.993208 0
1542824686.500528 11 1627
1542824748.02505 0
1542824497.127472 0
1542824753.059995 0
1542824817.747293 11 1692
1542824879.687545 0
1542824884.686931 0
1542824948.957653 11 1692
1542825010.501498 0
1542824767.195695 0
1542825015.501059 0
1576616718.348974 11 1629
1542825141.500288 0
1542825146.500361 0
1576616850.799002 11 1674
1542825273.443892 0
1542825037.307298 0
1542825278.44396 0
1542825347.766661 11 1634
1542825410.640285 0
1542825415.652048 0
1542825474.89763 11 1631
1542825537.377072 0
1542825307.40472 10 1497
1542825542.367251 0
1542825606.973758 11 1682
1542825668.54362 0
1542825673.544314 0
1575580697.169909 11 1665
1542825805.317863 0
1542825578.161376 10 1497
1542825810.318067 0
1576617635.902559 11 1614
1542825936.638912 0
1542825941.624809 0
1542826006.097291 11 1641
1542826068.028868 0
1542825848.274616 10 1497
1542826133.8696 1 51
1542826073.028824 0
1542826137.336851 11 1685
1542826198.615028 0
1542826203.614898 0
1576618565.842562 11 1611
1542826330.388191 0
1542826119.274651 10 1497
1542826335.388303 0
1542826399.919406 11 1674
1542826461.655087 0
1542826466.65505 0
1542826531.261675 11 1641
1542826593.283964 0
1542826389.386397 0
1542826598.283984 0
1542826662.585452 11 1618
1542826723.83905 0
1542826728.83922 0
1542826793.852065 11 1695
1542826855.834491 0
1542826860.83393 0
1542826659.515435 0
1542826925.106231 11 1622
1542826987.152817 0
1542826992.152776 0
1542827061.34488 11 1631
1542827123.750923 0
1542827128.750858 0
1542826929.64077 10 1497
1576271897.155566 11 1660
1542827256.436481 0
1542827261.439402 0
1556404305.062101 11 1656
1542827384.06515 0
1542827388.735498 0
1542827201.304636 10 1497
1556404306.990965 11 1697
1542827515.166976 0
1542827520.167785 0
1556404307.109965 11 1667
1542827648.40378 0
1542827653.396187 0
1542827471.470581 10 1497
1542827717.671215 11 1654
1542827779.679967 0
1542827784.675215 0
1542827849.147788 11 1631
1542827911.296518 0
1542827916.670539 0
1542827743.61317 10 1497
1542827985.85682 11 1666
1542828047.516291 0
1542828052.516244 0
1542828117.234839 11 1634
1542828179.652376 0
1542828184.652842 -1
1542828013.800927 0
1542828248.951823 11 1697
1542828310.260843 0
1542828315.260341 -1
1542828380.323743 11 1679
1542828442.081221 0
1542828447.079376 0
1542828283.984218 0
1542828512.059255 11 1631
1542828573.993763 0
1542828578.935225 0
1575415097.165402 11 1634
1542828705.84897 0
1542828710.849665 0
1542828554.166999 0
1542828775.047633 11 1631
1542828837.018499 0
1542828842.017601 0
1542828906.47947 11 1697
1542828968.425539 0
1542828973.428068 0
1542828824.336203 0
1542829038.064573 11 1538
1542829099.402506 0
1542829104.402065 0
1542829169.322915 11 1644
1542829231.463316 0
1542829236.463557 0
1542829300.670663 11 1539
1542829094.472801 10 1497
1542829362.516224 0
1542829367.517888 0
1542829432.051946 11 1657
1542829493.980357 0
1542829498.9809 0
1542829563.437981 11 1631
1542829625.304892 0
1542829364.825977 10 1497
1542829630.289248 0
1542829694.946679 11 1642
1542829756.538244 0
