1576259164.469568 0
1576259225.29343 0
1576259228.153334 -1
1576259288.69867 0
1576259349.299992 0
1576259387.171746 14 2393
1576259409.79134 0
1576259470.344782 0
1576259528.689546 8 1354
1576259579.802602 8 1376
1576259642.787272 0
1576259703.338224 0
1576259711.590745 0
1576259714.496166 8 1361
1576259776.733846 0
1576259837.278756 0
1576259843.278384 8 1379
1576259906.58574 0
1576259967.128782 0
1576259975.666114 0
1576259978.688914 8 1361
1576260041.028919 0
1576260101.560431 0
1576260108.046993 8 1379
1576260171.350317 0
1576260231.864831 0
1576260239.380904 0
1576260242.287531 8 1361
1576260304.757454 0
1576260365.303348 0
1576260371.810909 8 1379
1576260435.189877 0
1576260495.661026 0
1576260503.361246 0
1576260506.272355 8 1361
1576260568.500792 0
1576260629.044091 0
1576260635.269735 8 1379
1576260698.370739 0
1576260758.908662 0
1576260766.868389 0
1576260769.772274 8 1361
1576260832.317262 0
1576260892.873158 0
1576260899.040595 8 1379
1576260962.215957 0
1576261022.761695 0
1576261026.178029 0
1576261028.805795 8 1370
1576261091.163904 0
1576261151.707426 0
1576261158.359698 8 1379
1576261221.572493 0
1576261282.098615 0
1576261289.699681 0
1576261292.607071 8 1361
1576261355.104261 0
1576261415.645835 0
1576261421.834534 8 1379
1576261484.907391 0
1576261545.447669 0
1576261553.889671 0
1576261556.796342 8 1361
1576261619.326352 0
1576261679.862312 0
1576261686.471393 8 1379
1576261749.661033 0
1576261810.19465 0
1576261818.149583 0
1576261821.173245 8 1361
1576261883.5979 0
1576261944.121327 0
1576261950.591729 8 1379
1576262013.944852 0
1576262074.473452 0
1576262081.866213 0
1576262084.77172 8 1361
1576262147.419239 0
1576262207.971464 0
1576262213.549163 8 1379
1576262276.877877 0
1576262337.430041 0
1576262346.251989 0
1576262349.250537 0
1576262351.351515 8 1374
1576262413.948016 0
1576262474.487089 0
1576262477.802975 0
1576262482.179646 8 1373
1576262543.627838 0
1576262604.183556 0
1576262609.500474 0
1576262612.501629 0
1576262614.603068 8 1368
1576262623.013317 0
1576262683.223353 0
1576262742.029444 0
1576262747.134904 8 1364
1576262809.684967 0
1576262870.214525 0
1576262873.477926 0
1576262875.983935 8 1370
1576262938.227389 0
1576262998.779622 0
1576263006.302459 8 1360
1576263069.621743 0
1576263130.166219 0
1576263137.643997 0
1576263140.553195 8 1361
1576263203.096044 0
1576263263.631027 0
1576263269.351628 8 1360
1576263332.444168 0
1576263392.985379 0
1576263400.620249 0
1576263403.528597 8 1361
1576263465.876585 0
1576263526.419499 0
1576263532.699972 8 1360
1576263595.727098 0
1576263656.272964 0
1576263664.824812 0
1576263667.863715 8 1361
1576263730.210652 0
1576263796.122955 8 1360
1576263859.545772 0
1576263920.082416 0
1576263928.097361 0
1576263931.006941 8 1361
1576263993.470199 0
1576264054.010842 0
1576264059.586295 8 1360
1576264122.908313 0
1576264183.449686 0
1576264190.834452 0
1576264193.743837 8 1361
1576264256.389677 0
1576264316.935207 0
1576264322.754424 8 1360
1576264385.774001 0
1576264446.319428 0
1576264455.090515 0
1576264458.004028 8 1361
1576264520.247163 0
1576264580.793622 0
1576264587.152605 8 1360
1576264650.160941 0
1576264710.714809 0
1576264718.582799 0
1576264721.620772 8 1361
1576264784.219436 0
1576264844.723585 0
1576264850.104259 8 1367
1576264913.00511 0
1576264973.561143 0
1576264982.005405 0
1576264984.916627 8 1361
1576265047.474444 0
1576265108.025087 0
1576265113.956334 8 1360
1576265177.355655 0
1576265237.89097 0
1576265245.644247 0
1576265248.562112 8 1361
1576265311.184631 0
1576265371.716828 0
1576265432.257614 0
1576265492.794272 0
1576265508.771285 8 1357
1576265569.942008 0
1576265630.495879 0
1576265640.210458 8 1360
1576265703.307335 0
1576265763.836278 0
1576265771.685286 8 1361
1576265825.014761 -1
1576265827.115239 -1
1576265887.327353 0
1576265903.71498 0
1576265908.51678 8 1373
1576265969.445689 0
1576266029.976331 0
1576266035.546335 0
1576266038.56695 0
1576266040.664936 8 1368
1576266103.064402 0
1576266163.59113 0
1576266167.241071 0
1576266171.650231 8 1364
1576266234.028008 0
1576266294.564282 0
1576266298.882357 0
1576266301.845114 8 1365
1576266366.53793 0
1576266426.036483 -1
1576266431.227112 8 1360
1576266494.562592 0
1576266555.115206 0
1576266562.833297 0
1576266566.237433 8 1361
1576266628.76356 0
1576266689.317915 0
1576266694.688137 8 1360
1576266703.703218 0
1576266764.258409 0
1576266824.811525 8 1383
1576266828.782392 8 1361
1576266891.711306 0
1576266952.228645 0
1576266957.763503 8 1360
1576267021.115817 0
1576267081.66735 0
1576267089.458762 0
1576267092.374535 8 1361
1576267154.633994 0
1576267215.190291 0
1576267221.330049 8 1360
1576267284.548528 0
1576267345.09884 0
1576267352.641293 0
1576267355.559605 8 1361
1576267406.140523 14 6968
1576267469.299075 0
1576267484.483691 8 1360
1576267547.604902 0
1576267608.160804 0
1576267615.837553 0
1576267618.756418 8 1361
1576267681.124699 0
1576267741.667815 0
1576267747.780336 8 1360
1576267810.987238 0
1576267871.53477 0
1576267879.210285 0
1576267882.128977 8 1361
1576267944.49543 0
1576268005.049336 0
1576268011.015334 8 1360
1576268074.436846 0
1576268134.993022 0
1576268142.093914 0
1576268145.146974 8 1361
1576268207.509387 0
1576268268.083319 0
1576268274.038821 8 1360
1576268336.991785 0
1576268397.548833 0
1576268405.833059 0
1576268408.751577 8 1361
1576268471.017329 0
1576268531.578492 0
1576268537.661515 8 1360
1576268600.978054 0
1576268661.526111 0
1576268668.714224 0
1576268671.633386 8 1361
1576268733.986251 0
1576268794.535304 0
1576268805.152996 8 1360
1576268868.361633 0
1576268928.90942 0
1576268936.57845 0
1576268939.497707 8 1361
1576269001.864368 0
1576269062.420622 0
1576269064.658256 8 1360
1576269127.296406 0
1576269187.851674 0
1576269200.192723 0
1576269203.115 8 1361
1576269265.384283 0
1576269325.941353 8 1360
1576269390.740803 0
1576269451.292676 0
1576269459.810788 0
1576269462.859834 0
1576269464.957497 8 1368
1576269527.383847 0
1576269587.93099 0
1576269591.334785 0
1576269595.769463 8 1364
1576269658.340655 0
1576269718.896546 0
1576269722.856144 0
1576269725.504531 8 1365
1576269790.091644 0
1576269850.587644 0
1576269854.87686 0
1576269859.325054 8 1373
1576269920.769254 0
1576269981.325209 0
1576269986.996017 0
1576269990.371954 0
1576269992.473967 8 1368
1576270026.105917 -1
1576270086.556497 0
1576270118.518949 8 1360
1576270181.931791 0
1576270242.478011 0
1576270250.320776 0
1576270253.24473 8 1361
1576270315.506714 0
1576270376.05655 0
1576270382.054225 8 1360
1576270445.417256 0
1576270505.962121 0
1576270513.902258 0
1576270516.829278 8 1361
1576270579.390771 0
1576270639.9441 0
1576270649.001362 8 1360
1576270712.369711 0
1576270772.928678 0
1576270776.78438 0
1576270779.314365 8 1370
1576270841.879035 0
1576270902.430652 0
1576270909.232741 0
1576270912.054775 8 1360
1576270972.802999 8 1358
1576271033.364385 0
1576271040.503608 8 1361
1576271105.709047 0
1576271166.259099 0
1576271172.327448 8 1360
1576271235.683392 0
1576271262.582466 3 393
1576271266.921489 8 1358
1576271304.417132 0
1576271307.342433 8 1361
1576271370.49373 0
1576271431.020097 0
1576271435.827108 8 1367
1576271498.904764 0
1576271559.455965 0
1576271568.098743 0
1576271571.097249 8 1361
1576271633.392398 0
1576271693.944212 0
1576271700.381483 8 1360
1576271763.764443 0
1576271824.316028 0
1576271831.62455 0
1576271834.555601 8 1361
1576271896.808434 0
1576271957.370637 0
1576271963.783773 8 1360
1576272026.768495 0
1576272087.314829 0
1576272095.308107 0
1576272098.23493 8 1361
1576272160.754902 0
1576272221.312338 0
1576272227.061521 8 1360
1576272290.185896 0
1576272350.89898 0
1576272358.885754 0
1576272361.815004 8 1361
1576272424.245476 0
1576272484.872374 0
1576272490.577246 8 1360
1576272553.700646 0
1576272614.260341 0
1576272622.677383 0
1576272625.754524 8 1361
1576272688.261748 0
1576272748.817946 0
1576272809.370351 0
1576272869.927695 0
1576272928.426061 8 1354
1576272989.033729 0
1576273023.467512 8 1375
1576273086.15529 0
1576273146.714293 0
1576273207.255182 0
1576273267.809276 0
1576273326.126605 8 1354
1576273386.920705 0
1576273447.475819 0
1576273508.030743 0
1576273568.591571 0
1576273627.422043 -1
1576273688.379345 0
1576273748.935606 0
1576259385.408227 5 675
1575568223.779946 0
1575568284.715811 0
1575568391.404734 14 2393
1575568345.275752 0
1575568405.828365 0
1575568466.387508 0
1575568524.793036 0
1575568585.49755 0
1575568646.053257 0
1575568706.608608 0
1575568742.36362 8 1357
1575568803.532266 0
1575568864.087099 0
1575568873.999854 8 1357
1575568934.988969 0
1575568995.545402 0
1575569006.23091 8 1357
1575569067.445193 0
1575569103.602876 0
1575569137.748003 8 1357
1575569198.952112 0
1575569259.507838 0
1575569270.354918 8 1357
1575569331.41693 0
1575569391.97132 0
1575569402.2534 8 1357
1575569463.372453 0
1575569523.917543 0
1575569534.825541 8 1357
1575569595.824467 0
1575569656.354778 0
1575569666.62039 8 1357
1575569727.745752 0
1575569788.304257 0
1575569803.96121 8 1357
1575569865.205186 0
1575569925.761137 0
1575569930.772319 8 1357
1575569992.151836 0
1575570052.705143 0
1575570063.128765 8 1357
1575570124.106604 0
1575570184.658881 0
1575570194.944055 8 1357
1575570256.059953 0
1575570316.616232 0
1575570327.287059 8 1357
1575570388.515059 0
1575570449.069643 0
1575570459.150164 8 1357
1575570520.467367 0
1575570581.020154 0
1575570591.53393 8 1357
1575570652.422912 0
1575570712.978175 0
1575570723.28641 8 1357
1575570784.378737 0
1575570844.931152 0
1575570855.489327 8 1357
1575570916.827572 0
1575570977.381899 0
1575570987.579618 8 1357
1575571048.782655 0
1575571109.340109 0
1575571119.982088 8 1356
1575571183.222262 0
1575571243.776793 0
1575571252.450691 8 1357
1575571313.687967 0
1575571374.238846 0
1575571384.733785 8 1357
1575571445.641266 0
1575571506.197022 0
1575571516.482534 8 1357
1575571577.597669 0
1575571638.152635 0
1575571648.970807 8 1357
1575571710.054399 0
1575571770.610302 0
1575571780.884844 8 1357
1575571842.011 0
1575571902.566654 0
1575571913.22193 8 1357
1575571974.468479 0
1575572035.024043 0
1575572044.829822 8 1357
1575572105.929731 0
1575572166.482357 0
1575572177.506479 8 1357
1575572238.385563 0
1575572298.941005 0
1575572309.334794 8 1357
1575572331.041857 0
1575572391.368128 0
1575572441.564144 8 1357
1575572502.809815 0
1575572563.359372 0
1575572573.457421 8 1357
1575572634.761546 0
1575572695.316725 0
1575572705.826688 8 1357
1575572766.696447 0
1575572827.250157 0
1575572837.558622 8 1357
1575572898.627402 0
1575572959.193048 0
1575572969.83192 8 1357
1575573031.09569 0
1575573091.648122 0
1575573101.654696 8 1357
1575573162.548133 0
1575573223.107389 0
1575573234.21272 8 1357
1575573295.50217 0
1575573356.035848 0
1575573366.10087 8 1357
1575573427.428319 0
1575573487.975222 0
1575573498.283629 8 1357
1575573559.373818 0
1575573619.929412 0
1575573630.150324 8 1357
1575573691.331928 0
1575573751.886518 0
1575573762.5415 8 1357
1575573823.787144 0
1575573884.346637 0
1575573894.314994 8 1357
1575573955.250759 0
1575574015.807248 0
1575574026.666798 8 1357
1575574087.71577 0
1575574148.275055 0
1575574158.348998 8 1357
1575574219.681087 0
1575574280.235175 0
1575574290.700017 8 1357
1575574351.640599 0
1575574412.193859 0
1575574422.41447 8 1357
1575574483.590651 0
1575574544.140651 0
1575574554.976322 8 1357
1575574616.03637 0
1575574676.604081 0
1575574686.758719 8 1357
1575574748.000791 0
1575574808.556975 0
1575574818.957634 8 1357
1575574879.961327 0
1575574940.531216 0
1575574950.783396 8 1357
1575575011.932349 0
1575575072.486571 0
1575575083.110737 8 1357
1575575144.393679 0
1575575204.953028 0
1575575214.75195 8 1357
1575575275.859023 0
1575575336.411442 0
1575575347.252584 8 1357
1575575408.318978 0
1575575468.874898 0
1575575479.221574 8 1357
1575575540.279483 0
1575575600.83489 0
1575575611.71348 8 1357
1575575672.730844 0
1575575733.281546 0
1575575743.369699 8 1357
1575575750.365386 0
1575575810.730282 0
1575575871.286786 0
1575575875.760008 8 1357
1575575936.688646 0
1575575997.235089 0
1575576007.637761 8 1357
1575576068.640883 0
1575576129.197868 0
1575576139.934588 8 1357
1575576201.097258 0
1575576261.648441 0
1575576271.777639 8 1357
1575576333.043702 0
1575576393.59638 0
1575576404.136153 8 1357
1575576465.49635 0
1575576526.049627 0
1575576535.967467 8 1357
1575576596.954495 0
1575576657.511024 0
1575576668.349582 8 1357
1575576729.416065 0
1575576789.969679 0
1575576800.260699 8 1357
1575576861.374944 0
1575576921.929369 0
1575576932.447242 8 1357
1575576993.336614 0
1575577053.893215 0
1575577064.234684 8 1357
1575577125.301252 0
1575577185.856216 0
1575577196.409325 8 1357
1575577257.767314 0
1575577318.317806 0
1575577328.104932 8 1357
1575577389.213579 0
1575577449.7802 0
1575577460.4282 8 1357
1575577521.684086 0
1575577582.247551 0
1575577592.001235 8 1357
1575577653.13185 0
1575577713.669689 0
1575577724.397 8 1357
1575577785.557031 0
1575577846.113403 0
1575577856.09649 8 1357
1575577917.011244 0
1575577977.567199 0
1575577988.390818 8 1357
1575578049.477831 0
1575578110.030416 0
1575578120.194846 8 1357
1575578181.439724 0
1575578241.993108 0
1575578252.527118 8 1357
1575578313.901363 0
1575578374.474109 0
1575578384.427015 8 1357
1575578445.382353 0
1575578505.935784 0
1575578516.755669 8 1357
1575578577.855537 0
1575578638.428899 0
1575578648.542157 8 1357
1575578709.818007 0
1575578770.374467 0
1575578780.833682 8 1357
1575578841.778087 0
1575578902.334514 0
1575578912.53643 8 1357
1575578973.747892 0
1575579034.299822 0
1575579044.956207 8 1357
1575579106.209773 0
1575579166.775427 0
1575579176.739619 8 1357
1575579237.681862 0
1575579298.233073 0
1575579309.52785 8 1357
1575579370.641375 0
1575579431.196668 0
1575579441.225214 8 1357
1575579502.611383 0
1575579563.159402 0
1575579573.533563 8 1357
1575579634.569738 0
1575579695.123401 0
1575579705.259178 8 1357
1575579766.533861 0
1575579827.092119 0
1575579837.655576 8 1357
1575579898.999264 0
1575579909.813659 0
1575579969.303154 8 1357
1575580029.996245 0
1575580090.550678 0
1575580101.86684 8 1357
1575580162.996364 0
1575580223.520358 0
1575580233.582566 8 1357
1575580294.923616 0
1575580355.471152 0
1575580365.953779 8 1357
1575580426.876351 0
1575580487.431093 0
1575580497.706628 8 1357
1575580558.856205 0
1575580619.444271 0
1575580630.558401 8 1357
1575580691.79852 0
1575580752.348147 0
1575580762.224845 8 1357
1575580823.240447 0
1575580883.761426 0
1575580894.609725 8 1357
1575580955.655314 0
1575581016.206274 0
1575581026.351265 8 1357
1575581087.599751 0
1575581148.127592 0
1575581158.862485 8 1357
1575581219.99327 0
1575581280.518804 0
1575581290.636753 8 1357
1575581351.906037 0
1575581412.458026 0
1575581423.014036 8 1357
1575581484.367586 0
1575581544.919276 0
1575581554.835124 8 1357
1575581615.830285 0
1575581676.386569 0
1575581687.282977 8 1357
1575581748.294425 0
1575581808.850274 0
1575581819.242401 8 1357
1575581880.262537 0
1575502718.358872 0
1575502754.537079 0
1575502814.959735 0
1575502875.513999 0
1575502936.069702 0
1575502996.628132 0
1575503055.098148 8 1354
1575503115.74334 0
1575503176.285475 0
1575503236.836345 0
1575503297.39243 0
1575503356.091627 0
1575503416.987344 0
1575503477.538107 0
1575503538.083274 0
1575503598.635651 0
1575503663.407241 14 2393
1575503657.076457 0
1575503717.743022 0
1575503778.297776 0
1575503838.852099 0
1575503899.40663 0
1575503958.070892 0
1575504019.015546 0
1575504072.692115 8 1376
1575504135.657674 0
1575504196.200584 0
1575504204.305745 0
1575504207.125662 8 1361
1575504269.856556 0
1575504330.410209 0
1575504337.683942 8 1379
1575504400.581681 0
1575504461.125494 0
1575504469.324873 0
1575504472.14027 8 1361
1575504534.70889 0
1575504595.257234 0
1575504603.479624 8 1379
1575504666.376045 0
1575504726.944887 0
1575504735.127864 0
1575504737.946281 8 1361
1575504800.538505 0
1575504861.094238 0
1575504868.584517 8 1379
1575504931.754033 0
1575504992.304365 0
1575505000.172703 0
1575505003.026179 8 1361
1575505065.379567 0
1575505125.929302 0
1575505133.777053 8 1379
1575505196.549176 0
1575505257.126839 0
1575505265.894723 0
1575505268.714237 8 1361
1575505331.201703 0
1575505391.742051 0
1575505399.24362 8 1379
1575505462.419967 0
1575505522.966954 0
1575505531.012246 0
1575505533.833483 8 1361
1575505596.112003 0
1575505656.659656 0
1575505664.642611 8 1379
1575505727.800669 0
1575505788.348462 0
1575505796.322618 0
1575505799.144891 8 1361
1575505861.430474 0
1575505921.972621 0
1575505929.920604 8 1376
1575505993.061653 0
1575506053.598936 0
1575506062.2092 0
1575506065.029086 8 1361
1575506127.752145 0
1575506188.295895 0
1575506195.732023 8 1379
1575506258.901611 0
1575506319.447699 0
1575506327.293844 0
1575506330.118139 8 1361
1575506392.653395 0
1575506453.189126 0
1575506460.835891 8 1379
1575506523.793667 0
1575506584.340474 0
1575506592.491681 0
1575506595.317381 8 1361
1575506657.897776 0
1575506718.445503 0
1575506725.979479 8 1379
1575506789.074549 0
1575506849.616974 0
1575506857.675239 0
1575506860.498914 8 1361
1575506923.227216 0
1575506983.767902 0
1575506991.081159 8 1379
1575507053.98965 0
1575507114.536874 0
1575507122.766185 0
1575507125.589035 8 1361
1575507188.197375 0
1575507248.743075 0
1575507256.197158 8 1379
1575507319.371201 0
1575507379.916514 0
1575507388.073764 0
1575507390.933996 8 1361
1575507453.490488 0
1575507514.042058 0
1575507521.696041 8 1379
1575507584.679069 0
1575507645.231236 0
1575507653.355115 0
1575507656.180794 8 1361
1575507718.893825 0
1575507779.445632 0
1575507786.742477 8 1379
1575507849.640274 0
1575507910.185887 0
1575507918.501805 0
1575507921.342586 8 1361
1575507983.826778 0
1575508044.37993 0
1575508051.949335 8 1379
1575508115.059446 0
1575508175.602224 0
1575508183.741947 0
1575508186.565539 8 1361
1575508249.267598 0
1575508309.817249 0
1575508317.163394 8 1379
1575508379.954649 0
1575508440.502074 0
1575508449.107617 0
1575508451.938516 8 1361
1575508514.163207 0
1575508574.71227 0
1575508582.818696 8 1379
1575508645.894104 0
1575508706.435601 0
1575508714.44227 0
1575508717.268675 8 1361
1575508779.557637 0
1575508840.095722 0
1575508848.032346 8 1379
1575508911.199779 0
1575508971.732353 0
1575508979.730296 0
1575508982.55822 8 1361
1575509044.843654 0
1575509105.373154 0
1575509113.209496 8 1379
1575509176.077756 0
1575509236.610042 0
1575509245.233796 0
1575509248.065993 8 1361
1575509310.767218 0
1575509371.30423 0
1575509378.834373 8 1379
1575509441.939186 0
1575509502.51443 0
1575509510.341823 0
1575509513.168895 8 1361
1575509575.64489 0
1575509636.185113 0
1575509644.022769 8 1379
1575509706.920102 0
1575509767.468657 0
1575509775.816525 0
1575509778.645532 8 1361
1575509841.149401 0
1575509901.702794 0
1575509909.409206 8 1379
1575509972.423712 0
1575510032.988857 0
1575510041.071703 0
1575510043.901655 8 1361
1575510106.134985 0
1575510166.696558 0
1575510174.354132 8 1379
1575510237.353626 0
1575510297.905742 0
1575510306.13048 0
1575510308.958197 8 1361
1575510371.563651 0
1575510432.122072 0
1575510439.73611 8 1379
1575510452.79431 0
1575510513.307852 0
1575510571.25132 0
1575510574.079288 8 1361
1575510636.483438 0
1575510697.039799 0
1575510704.700014 8 1379
1575510767.70097 0
1575510828.252829 0
1575510836.249894 0
1575510839.078677 8 1361
1575510901.382588 0
1575510961.935636 0
1575510969.897216 8 1379
1575511033.089849 0
1575511093.641674 0
1575511101.730634 0
1575511104.561217 8 1361
1575511166.807136 0
1575511227.361598 0
1575511235.192242 8 1379
1575511298.086142 0
1575511358.627785 0
1575511367.065654 0
1575511369.898732 8 1361
1575511432.294318 0
1575511492.839459 0
1575511500.734967 8 1379
1575511563.510964 0
1575511624.045745 0
1575511632.493391 0
1575511635.324875 8 1361
1575511697.623828 0
1575511758.16281 0
1575511766.117465 8 1379
1575511829.31367 0
1575511889.869402 0
1575511897.570725 0
1575511900.403185 8 1361
1575511963.010851 0
1575512023.562466 0
1575512031.028196 8 1379
1575512094.231618 0
1575512154.784021 0
1575512162.648211 0
1575512165.479303 8 1361
1575512227.96263 0
1575512288.514237 0
1575512296.064122 8 1379
1575512359.191341 0
1575512419.727042 0
1575512427.822062 0
1575512430.655678 8 1361
1575512492.889657 0
1575512553.427992 0
1575512561.205691 8 1379
1575512624.128523 0
1575512684.68698 0
1575512692.836094 0
1575512695.691403 8 1361
1575512758.253337 0
1575512818.790778 0
1575512826.387285 8 1379
1575512889.48067 0
1575512950.019172 0
1575512957.983222 0
1575512960.81681 8 1361
1575513023.115368 0
1575513083.673693 0
1575513091.840756 8 1379
1575513154.848525 0
1575513215.402774 0
1575513223.687608 0
1575513226.523246 8 1361
1575513289.031875 0
1575513349.587679 0
1575513357.248421 8 1379
1575513420.253343 0
1575513480.824364 0
1575513489.025571 0
1575513491.859427 8 1361
1575513510.775946 0
1575513571.007441 0
1575513622.862845 8 1378
1575513685.245273 0
1575513745.787774 0
1575513754.474191 0
1575513757.309013 8 1361
1575513819.907478 0
1575513880.444117 0
1575513888.526991 8 1379
1575513951.650373 0
1575514012.209076 0
1575514020.386962 0
1575514023.229473 8 1361
1575514085.840015 0
1575514146.388687 0
1575514153.727029 8 1379
1575514216.541827 0
1575514277.096457 0
1575514285.301627 0
1575514288.137273 8 1361
1575514350.74246 0
1575514411.291326 0
1575514419.248129 8 1376
1575514482.474888 0
1575514543.014361 0
1575514550.836002 0
1575514553.672315 8 1361
1575514616.186907 0
1575514676.739128 0
1575514684.595542 8 1379
1575514747.410506 0
1575514807.967027 0
1575514816.251912 0
1575514819.088538 8 1361
1575514881.595222 0
1575514942.139793 0
1575514949.655217 8 1379
1575515012.864242 0
1575515073.422268 0
1575515081.819922 0
1575515084.659426 8 1361
1575515147.070301 0
1575515207.626625 0
1575515215.327505 8 1379
1575515278.374156 0
1575515338.894102 0
1575515346.976577 0
1575515349.812739 8 1361
1575515412.06536 0
1575515472.609897 0
1575515480.406073 8 1379
1575515543.351978 0
1575515603.905542 0
1575515612.038911 0
1575515614.880901 8 1361
1575515677.109061 0
1575515737.663937 0
1575515745.487464 8 1379
1575515808.433102 0
1575515868.98867 0
1575515877.185634 0
1575515880.025417 8 1361
1575515942.614655 0
1575516003.143711 0
1575516010.559681 8 1379
1575516073.375823 0
1575516133.904799 0
1575516142.240965 0
1575516145.087147 8 1361
1575516207.594838 0
1575516268.146088 0
1575516275.888706 8 1379
1575516338.828897 0
1575516399.403297 0
1575516407.827913 0
1575516410.667961 8 1361
1575516472.969989 0
1575516533.517238 0
1575516541.278516 8 1379
1575516604.225454 0
1575516664.777613 0
1575516672.946823 0
1575516675.787261 8 1361
1575516738.398192 0
1575516798.951621 0
1575516806.420972 8 1379
1575516869.634028 0
1575516930.188451 0
1575516938.004412 0
1575516940.845314 8 1361
1575516974.476099 0
1575517034.908341 0
1575517071.599837 8 1379
1575517134.637132 0
1575517195.19104 0
1575517203.266663 0
1575517206.118061 8 1361
1575517268.876413 0
1575517329.431644 0
1575517389.986996 0
1575517450.541419 0
1575517508.792087 8 1354
1575517569.648066 0
1575517630.196837 0
1575517690.753251 0
1575517751.309176 0
1575517809.796673 0
1575517870.418263 0
1575517930.975141 0
1575517991.546576 0
1575518052.081132 0
1575518110.803689 0
1575518171.691411 0
1575518232.239691 0
